N:
      60
Temperature (K) = 300.00000
Epsilon_r = 40.000000
dmin (nm) = 0.60000000
dmax (nm) = 1000.0000
-----------------------------------------
D:
         6.00000E-10         6.80391E-10         7.71554E-10         8.74932E-10         9.92160E-10         1.12510E-09         1.27584E-09         1.44679E-09         1.64064E-09         1.86046E-09         2.10973E-09         2.39241E-09         2.71295E-09         3.07645E-09         3.48865E-09         3.95608E-09         4.48614E-09         5.08722E-09         5.76884E-09         6.54178E-09         7.41828E-09         8.41223E-09         9.53935E-09         1.08175E-08         1.22669E-08         1.39105E-08         1.57743E-08         1.78878E-08         2.02845E-08         2.30023E-08         2.60843E-08         2.95792E-08         3.35424E-08         3.80366E-08         4.31330E-08         4.89122E-08         5.54658E-08         6.28974E-08         7.13248E-08         8.08813E-08         9.17182E-08         1.04007E-07         1.17943E-07         1.33745E-07         1.51665E-07         1.71986E-07         1.95030E-07         2.21161E-07         2.50794E-07         2.84396E-07         3.22501E-07         3.65712E-07         4.14712E-07         4.70278E-07         5.33288E-07         6.04741E-07         6.85768E-07         7.77651E-07         8.81845E-07         1.00000E-06
W:
         1.61270E-12         1.61344E-12         1.61434E-12         1.61541E-12         1.61669E-12         1.61821E-12         1.61998E-12         1.62205E-12         1.62445E-12         1.62721E-12         1.63035E-12         1.63387E-12         1.63780E-12         1.64223E-12         1.64731E-12         1.65322E-12         1.66010E-12         1.66809E-12         1.67733E-12         1.68798E-12         1.70023E-12         1.71430E-12         1.73047E-12         1.74907E-12         1.77047E-12         1.79516E-12         1.82368E-12         1.85673E-12         1.89511E-12         1.93981E-12         1.99207E-12         2.05335E-12         2.12552E-12         2.21085E-12         2.31223E-12         2.43329E-12         2.57867E-12         2.75438E-12         2.96824E-12         3.23057E-12         3.55514E-12         3.96052E-12         4.47199E-12         5.12428E-12         5.96538E-12         7.06168E-12         8.50449E-12         1.04170E-11         1.29593E-11         1.63233E-11         2.07069E-11         2.62508E-11         3.29404E-11         4.05251E-11         4.85523E-11         5.65595E-11         6.43043E-11         7.18488E-11         7.94701E-11         8.75222E-11
         1.61344E-12         1.61407E-12         1.61484E-12         1.61578E-12         1.61691E-12         1.61825E-12         1.61985E-12         1.62172E-12         1.62391E-12         1.62643E-12         1.62930E-12         1.63251E-12         1.63609E-12         1.64012E-12         1.64475E-12         1.65017E-12         1.65653E-12         1.66397E-12         1.67260E-12         1.68257E-12         1.69406E-12         1.70728E-12         1.72248E-12         1.73998E-12         1.76015E-12         1.78342E-12         1.81034E-12         1.84155E-12         1.87783E-12         1.92013E-12         1.96962E-12         2.02771E-12         2.09615E-12         2.17711E-12         2.27329E-12         2.38811E-12         2.52590E-12         2.69219E-12         2.89419E-12         3.14130E-12         3.44594E-12         3.82465E-12         4.29966E-12         4.90095E-12         5.66906E-12         6.65857E-12         7.94190E-12         9.61234E-12         1.17834E-11         1.45791E-11         1.81082E-11         2.24175E-11         2.74378E-11         3.29622E-11         3.87027E-11         4.44165E-11         5.00173E-11         5.55942E-11         6.13466E-11         6.75052E-11
         1.61434E-12         1.61484E-12         1.61547E-12         1.61624E-12         1.61718E-12         1.61832E-12         1.61969E-12         1.62132E-12         1.62323E-12         1.62545E-12         1.62797E-12         1.63079E-12         1.63392E-12         1.63743E-12         1.64150E-12         1.64632E-12         1.65203E-12         1.65875E-12         1.66660E-12         1.67571E-12         1.68624E-12         1.69839E-12         1.71238E-12         1.72850E-12         1.74711E-12         1.76862E-12         1.79353E-12         1.82246E-12         1.85615E-12         1.89550E-12         1.94159E-12         1.99577E-12         2.05968E-12         2.13534E-12         2.22526E-12         2.33259E-12         2.46129E-12         2.61639E-12         2.80437E-12         3.03360E-12         3.31500E-12         3.66292E-12         4.09627E-12         4.64008E-12         5.32732E-12         6.20092E-12         7.31555E-12         8.73784E-12         1.05429E-11         1.28039E-11         1.55711E-11         1.88436E-11         2.25454E-11         2.65303E-11         3.06313E-11         3.47332E-11         3.88213E-11         4.29788E-11         4.73457E-11         5.20752E-11
         1.61541E-12         1.61578E-12         1.61624E-12         1.61682E-12         1.61754E-12         1.61843E-12         1.61952E-12         1.62084E-12         1.62240E-12         1.62423E-12         1.62631E-12         1.62862E-12         1.63116E-12         1.63403E-12         1.63739E-12         1.64144E-12         1.64633E-12         1.65216E-12         1.65903E-12         1.66705E-12         1.67637E-12         1.68716E-12         1.69962E-12         1.71403E-12         1.73070E-12         1.75002E-12         1.77246E-12         1.79859E-12         1.82910E-12         1.86483E-12         1.90681E-12         1.95628E-12         2.01475E-12         2.08408E-12         2.16656E-12         2.26504E-12         2.38306E-12         2.52511E-12         2.69684E-12         2.90552E-12         3.16046E-12         3.47369E-12         3.86077E-12         4.34175E-12         4.94228E-12         5.69454E-12         6.63756E-12         7.81604E-12         9.27604E-12         1.10562E-11         1.31739E-11         1.56106E-11         1.83049E-11         2.11651E-11         2.41027E-11         2.70706E-11         3.00823E-11         3.32050E-11         3.65356E-11         4.01775E-11
         1.61669E-12         1.61691E-12         1.61718E-12         1.61754E-12         1.61800E-12         1.61859E-12         1.61934E-12         1.62026E-12         1.62139E-12         1.62272E-12         1.62422E-12         1.62588E-12         1.62769E-12         1.62974E-12         1.63221E-12         1.63530E-12         1.63915E-12         1.64385E-12         1.64948E-12         1.65614E-12         1.66393E-12         1.67302E-12         1.68358E-12         1.69586E-12         1.71013E-12         1.72675E-12         1.74616E-12         1.76888E-12         1.79555E-12         1.82694E-12         1.86400E-12         1.90786E-12         1.95991E-12         2.02181E-12         2.09563E-12         2.18386E-12         2.28962E-12         2.41678E-12         2.57015E-12         2.75582E-12         2.98146E-12         3.25680E-12         3.59410E-12         4.00875E-12         4.51976E-12         5.15001E-12         5.92581E-12         6.87524E-12         8.02443E-12         9.39140E-12         1.09783E-11         1.27651E-11         1.47101E-11         1.67617E-11         1.88776E-11         2.10439E-11         2.32820E-11         2.56428E-11         2.81929E-11         3.10029E-11
         1.61821E-12         1.61825E-12         1.61832E-12         1.61843E-12         1.61859E-12         1.61883E-12         1.61916E-12         1.61960E-12         1.62017E-12         1.62086E-12         1.62164E-12         1.62246E-12         1.62333E-12         1.62435E-12         1.62570E-12         1.62759E-12         1.63013E-12         1.63341E-12         1.63748E-12         1.64242E-12         1.64832E-12         1.65529E-12         1.66350E-12         1.67314E-12         1.68448E-12         1.69782E-12         1.71357E-12         1.73219E-12         1.75428E-12         1.78054E-12         1.81182E-12         1.84915E-12         1.89377E-12         1.94715E-12         2.01110E-12         2.08777E-12         2.17980E-12         2.29044E-12         2.42365E-12         2.58435E-12         2.77862E-12         3.01399E-12         3.29972E-12         3.64707E-12         4.06944E-12         4.58226E-12         5.20234E-12         5.94632E-12         6.82805E-12         7.85489E-12         9.02400E-12         1.03204E-11         1.17197E-11         1.31956E-11         1.47309E-11         1.63264E-11         1.80029E-11         1.97974E-11         2.17562E-11         2.39278E-11
         1.61998E-12         1.61985E-12         1.61969E-12         1.61952E-12         1.61934E-12         1.61916E-12         1.61899E-12         1.61885E-12         1.61873E-12         1.61861E-12         1.61846E-12         1.61822E-12         1.61791E-12         1.61763E-12         1.61758E-12         1.61795E-12         1.61885E-12         1.62035E-12         1.62247E-12         1.62527E-12         1.62881E-12         1.63317E-12         1.63849E-12         1.64493E-12         1.65271E-12         1.66212E-12         1.67351E-12         1.68730E-12         1.70402E-12         1.72433E-12         1.74897E-12         1.77887E-12         1.81512E-12         1.85899E-12         1.91202E-12         1.97602E-12         2.05317E-12         2.14609E-12         2.25792E-12         2.39249E-12         2.55442E-12         2.74929E-12         2.98378E-12         3.26575E-12         3.60423E-12         4.00918E-12         4.49086E-12         5.05879E-12         5.72011E-12         6.47767E-12         7.32851E-12         8.26376E-12         9.27095E-12         1.03387E-11         1.14622E-11         1.26474E-11         1.39120E-11         1.52824E-11         1.67908E-11         1.84714E-11
         1.62205E-12         1.62172E-12         1.62132E-12         1.62084E-12         1.62027E-12         1.61960E-12         1.61885E-12         1.61799E-12         1.61702E-12         1.61590E-12         1.61457E-12         1.61300E-12         1.61121E-12         1.60931E-12         1.60752E-12         1.60600E-12         1.60485E-12         1.60412E-12         1.60382E-12         1.60396E-12         1.60459E-12         1.60576E-12         1.60757E-12         1.61015E-12         1.61371E-12         1.61847E-12         1.62476E-12         1.63297E-12         1.64357E-12         1.65715E-12         1.67438E-12         1.69607E-12         1.72317E-12         1.75677E-12         1.79813E-12         1.84875E-12         1.91035E-12         1.98498E-12         2.07504E-12         2.18339E-12         2.31339E-12         2.46901E-12         2.65486E-12         2.87624E-12         3.13900E-12         3.44940E-12         3.81363E-12         4.23716E-12         4.72392E-12         5.27536E-12         5.89001E-12         6.56377E-12         7.29152E-12         8.06966E-12         8.89898E-12         9.78656E-12         1.07461E-11         1.17966E-11         1.29608E-11         1.42628E-11
         1.62446E-12         1.62391E-12         1.62323E-12         1.62240E-12         1.62139E-12         1.62018E-12         1.61873E-12         1.61702E-12         1.61501E-12         1.61265E-12         1.60987E-12         1.60665E-12         1.60302E-12         1.59913E-12         1.59517E-12         1.59130E-12         1.58760E-12         1.58410E-12         1.58079E-12         1.57768E-12         1.57476E-12         1.57207E-12         1.56969E-12         1.56772E-12         1.56633E-12         1.56573E-12         1.56621E-12         1.56813E-12         1.57194E-12         1.57815E-12         1.58737E-12         1.60032E-12         1.61780E-12         1.64072E-12         1.67013E-12         1.70719E-12         1.75325E-12         1.80984E-12         1.87873E-12         1.96197E-12         2.06191E-12         2.18128E-12         2.32317E-12         2.49106E-12         2.68869E-12         2.92001E-12         3.18885E-12         3.49860E-12         3.85181E-12         4.24981E-12         4.69257E-12         5.17907E-12         5.70817E-12         6.27998E-12         6.89733E-12         7.56670E-12         8.29848E-12         9.10635E-12         1.00064E-11         1.10160E-11
         1.62721E-12         1.62643E-12         1.62545E-12         1.62423E-12         1.62272E-12         1.62087E-12         1.61862E-12         1.61590E-12         1.61265E-12         1.60879E-12         1.60426E-12         1.59903E-12         1.59317E-12         1.58683E-12         1.58020E-12         1.57341E-12         1.56656E-12         1.55965E-12         1.55266E-12         1.54558E-12         1.53839E-12         1.53112E-12         1.52381E-12         1.51656E-12         1.50952E-12         1.50289E-12         1.49695E-12         1.49203E-12         1.48856E-12         1.48701E-12         1.48793E-12         1.49196E-12         1.49978E-12         1.51214E-12         1.52986E-12         1.55387E-12         1.58515E-12         1.62483E-12         1.67416E-12         1.73456E-12         1.80764E-12         1.89521E-12         1.99933E-12         2.12227E-12         2.26648E-12         2.43452E-12         2.62896E-12         2.85214E-12         3.10608E-12         3.39223E-12         3.71155E-12         4.06463E-12         4.45224E-12         4.87600E-12         5.33914E-12         5.84707E-12         6.40753E-12         7.03040E-12         7.72723E-12         8.51087E-12
         1.63035E-12         1.62930E-12         1.62798E-12         1.62632E-12         1.62423E-12         1.62165E-12         1.61847E-12         1.61458E-12         1.60988E-12         1.60426E-12         1.59765E-12         1.59004E-12         1.58151E-12         1.57220E-12         1.56230E-12         1.55195E-12         1.54123E-12         1.53015E-12         1.51871E-12         1.50687E-12         1.49462E-12         1.48199E-12         1.46902E-12         1.45581E-12         1.44250E-12         1.42931E-12         1.41651E-12         1.40445E-12         1.39351E-12         1.38417E-12         1.37692E-12         1.37232E-12         1.37096E-12         1.37343E-12         1.38040E-12         1.39253E-12         1.41056E-12         1.43528E-12         1.46754E-12         1.50830E-12         1.55864E-12         1.61977E-12         1.69305E-12         1.78002E-12         1.88233E-12         2.00178E-12         2.14020E-12         2.29943E-12         2.48118E-12         2.68702E-12         2.91831E-12         3.17636E-12         3.46266E-12         3.77925E-12         4.12912E-12         4.51655E-12         4.94732E-12         5.42859E-12         5.96880E-12         6.57743E-12
         1.63387E-12         1.63252E-12         1.63080E-12         1.62863E-12         1.62590E-12         1.62249E-12         1.61824E-12         1.61302E-12         1.60667E-12         1.59905E-12         1.59005E-12         1.57967E-12         1.56798E-12         1.55512E-12         1.54128E-12         1.52660E-12         1.51119E-12         1.49509E-12         1.47831E-12         1.46086E-12         1.44275E-12         1.42400E-12         1.40470E-12         1.38495E-12         1.36493E-12         1.34488E-12         1.32509E-12         1.30591E-12         1.28774E-12         1.27102E-12         1.25621E-12         1.24380E-12         1.23427E-12         1.22811E-12         1.22581E-12         1.22786E-12         1.23478E-12         1.24708E-12         1.26534E-12         1.29021E-12         1.32238E-12         1.36268E-12         1.41204E-12         1.47152E-12         1.54233E-12         1.62577E-12         1.72328E-12         1.83633E-12         1.96643E-12         2.11507E-12         2.28370E-12         2.47382E-12         2.68704E-12         2.92532E-12         3.19120E-12         3.48803E-12         3.82007E-12         4.19261E-12         4.61185E-12         5.08487E-12
         1.63781E-12         1.63611E-12         1.63393E-12         1.63119E-12         1.62772E-12         1.62336E-12         1.61794E-12         1.61124E-12         1.60306E-12         1.59320E-12         1.58153E-12         1.56799E-12         1.55263E-12         1.53559E-12         1.51705E-12         1.49719E-12         1.47618E-12         1.45412E-12         1.43109E-12         1.40716E-12         1.38238E-12         1.35685E-12         1.33068E-12         1.30404E-12         1.27714E-12         1.25026E-12         1.22371E-12         1.19788E-12         1.17315E-12         1.14994E-12         1.12866E-12         1.10973E-12         1.09354E-12         1.08046E-12         1.07083E-12         1.06499E-12         1.06327E-12         1.06601E-12         1.07357E-12         1.08637E-12         1.10488E-12         1.12966E-12         1.16135E-12         1.20075E-12         1.24873E-12         1.30631E-12         1.37462E-12         1.45488E-12         1.54836E-12         1.65640E-12         1.78034E-12         1.92157E-12         2.08160E-12         2.26213E-12         2.46522E-12         2.69344E-12         2.95000E-12         3.23881E-12         3.56448E-12         3.93234E-12
         1.64225E-12         1.64014E-12         1.63745E-12         1.63406E-12         1.62977E-12         1.62439E-12         1.61767E-12         1.60935E-12         1.59917E-12         1.58687E-12         1.57223E-12         1.55514E-12         1.53560E-12         1.51371E-12         1.48968E-12         1.46376E-12         1.43620E-12         1.40722E-12         1.37701E-12         1.34577E-12         1.31364E-12         1.28081E-12         1.24747E-12         1.21387E-12         1.18026E-12         1.14698E-12         1.11436E-12         1.08277E-12         1.05260E-12         1.02421E-12         9.97962E-13         9.74171E-13         9.53126E-13         9.35080E-13         9.20253E-13         9.08843E-13         9.01040E-13         8.97038E-13         8.97053E-13         9.01339E-13         9.10208E-13         9.24044E-13         9.43321E-13         9.68612E-13         1.00060E-12         1.04006E-12         1.08791E-12         1.14512E-12         1.21275E-12         1.29192E-12         1.38379E-12         1.48957E-12         1.61052E-12         1.74807E-12         1.90386E-12         2.07986E-12         2.27849E-12         2.50267E-12         2.75586E-12         3.04210E-12
         1.64733E-12         1.64477E-12         1.64152E-12         1.63742E-12         1.63224E-12         1.62574E-12         1.61762E-12         1.60756E-12         1.59521E-12         1.58023E-12         1.56233E-12         1.54130E-12         1.51706E-12         1.48969E-12         1.45941E-12         1.42655E-12         1.39151E-12         1.35469E-12         1.31648E-12         1.27722E-12         1.23725E-12         1.19686E-12         1.15637E-12         1.11610E-12         1.07636E-12         1.03751E-12         9.99881E-13         9.63826E-13         9.29669E-13         8.97707E-13         8.68199E-13         8.41362E-13         8.17367E-13         7.96347E-13         7.78405E-13         7.63623E-13         7.52075E-13         7.43846E-13         7.39043E-13         7.37812E-13         7.40352E-13         7.46927E-13         7.57880E-13         7.73638E-13         7.94722E-13         8.21742E-13         8.55401E-13         8.96484E-13         9.45843E-13         1.00439E-12         1.07307E-12         1.15289E-12         1.24488E-12         1.35019E-12         1.47012E-12         1.60618E-12         1.76021E-12         1.93441E-12         2.13140E-12         2.35425E-12
         1.65323E-12         1.65019E-12         1.64633E-12         1.64146E-12         1.63532E-12         1.62761E-12         1.61798E-12         1.60603E-12         1.59133E-12         1.57344E-12         1.55198E-12         1.52662E-12         1.49721E-12         1.46377E-12         1.42655E-12         1.38600E-12         1.34269E-12         1.29727E-12         1.25039E-12         1.20266E-12         1.15461E-12         1.10674E-12         1.05947E-12         1.01320E-12         9.68273E-13         9.25031E-13         8.83775E-13         8.44774E-13         8.08261E-13         7.74420E-13         7.43391E-13         7.15264E-13         6.90091E-13         6.67889E-13         6.48652E-13         6.32364E-13         6.19011E-13         6.08594E-13         6.01143E-13         5.96726E-13         5.95462E-13         5.97530E-13         6.03175E-13         6.12714E-13         6.26540E-13         6.45121E-13         6.69003E-13         6.98797E-13         7.35177E-13         7.78868E-13         8.30631E-13         8.91266E-13         9.61613E-13         1.04258E-12         1.13517E-12         1.24057E-12         1.36017E-12         1.49565E-12         1.64902E-12         1.82261E-12
         1.66011E-12         1.65655E-12         1.65204E-12         1.64634E-12         1.63916E-12         1.63015E-12         1.61887E-12         1.60487E-12         1.58762E-12         1.56658E-12         1.54125E-12         1.51120E-12         1.47619E-12         1.43620E-12         1.39151E-12         1.34269E-12         1.29053E-12         1.23601E-12         1.18010E-12         1.12375E-12         1.06777E-12         1.01285E-12         9.59526E-13         9.08252E-13         8.59367E-13         8.13138E-13         7.69768E-13         7.29403E-13         6.92132E-13         6.57999E-13         6.27001E-13         5.99097E-13         5.74216E-13         5.52271E-13         5.33164E-13         5.16800E-13         5.03097E-13         4.91998E-13         4.83477E-13         4.77550E-13         4.74278E-13         4.73776E-13         4.76217E-13         4.81831E-13         4.90912E-13         5.03816E-13         5.20958E-13         5.42812E-13         5.69901E-13         6.02794E-13         6.42094E-13         6.88432E-13         7.42475E-13         8.04936E-13         8.76603E-13         9.58387E-13         1.05136E-12         1.15682E-12         1.27628E-12         1.41157E-12
         1.66809E-12         1.66397E-12         1.65876E-12         1.65217E-12         1.64386E-12         1.63342E-12         1.62036E-12         1.60413E-12         1.58411E-12         1.55966E-12         1.53016E-12         1.49510E-12         1.45413E-12         1.40722E-12         1.35469E-12         1.29726E-12         1.23601E-12         1.17223E-12         1.10731E-12         1.04259E-12         9.79180E-13         9.17979E-13         8.59638E-13         8.04597E-13         7.53126E-13         7.05365E-13         6.61358E-13         6.21078E-13         5.84443E-13         5.51332E-13         5.21593E-13         4.95059E-13         4.71549E-13         4.50884E-13         4.32895E-13         4.17428E-13         4.04355E-13         3.93579E-13         3.85037E-13         3.78709E-13         3.74616E-13         3.72827E-13         3.73458E-13         3.76677E-13         3.82698E-13         3.91788E-13         4.04262E-13         4.20483E-13         4.40856E-13         4.65821E-13         4.95853E-13         5.31447E-13         5.73129E-13         6.21456E-13         6.77045E-13         7.40600E-13         8.12950E-13         8.95089E-13         9.88201E-13         1.09368E-12
         1.67733E-12         1.67260E-12         1.66661E-12         1.65903E-12         1.64949E-12         1.63749E-12         1.62248E-12         1.60382E-12         1.58080E-12         1.55267E-12         1.51871E-12         1.47831E-12         1.43109E-12         1.37701E-12         1.31647E-12         1.25038E-12         1.18009E-12         1.10731E-12         1.03383E-12         9.61392E-13         8.91427E-13         8.25021E-13         7.62885E-13         7.05403E-13         6.52709E-13         6.04759E-13         5.61393E-13         5.22379E-13         4.87448E-13         4.56311E-13         4.28677E-13         4.04262E-13         3.82796E-13         3.64031E-13         3.47745E-13         3.33746E-13         3.21876E-13         3.12012E-13         3.04071E-13         2.98008E-13         2.93819E-13         2.91537E-13         2.91241E-13         2.93045E-13         2.97107E-13         3.03626E-13         3.12838E-13         3.25020E-13         3.40483E-13         3.59569E-13         3.82648E-13         4.10109E-13         4.42363E-13         4.79849E-13         5.23046E-13         5.72499E-13         6.28852E-13         6.92873E-13         7.65479E-13         8.47755E-13
         1.68798E-12         1.68257E-12         1.67572E-12         1.66706E-12         1.65614E-12         1.64242E-12         1.62527E-12         1.60396E-12         1.57767E-12         1.54558E-12         1.50686E-12         1.46085E-12         1.40714E-12         1.34575E-12         1.27720E-12         1.20263E-12         1.12373E-12         1.04257E-12         9.61378E-13         8.82248E-13         8.06897E-13         7.36550E-13         6.71921E-13         6.13284E-13         5.60587E-13         5.13561E-13         4.71817E-13         4.34910E-13         4.02385E-13         3.73800E-13         3.48741E-13         3.26832E-13         3.07734E-13         2.91151E-13         2.76828E-13         2.64549E-13         2.54141E-13         2.45470E-13         2.38440E-13         2.32991E-13         2.29103E-13         2.26785E-13         2.26086E-13         2.27085E-13         2.29895E-13         2.34663E-13         2.41566E-13         2.50815E-13         2.62648E-13         2.77332E-13         2.95153E-13         3.16418E-13         3.41447E-13         3.70585E-13         4.04206E-13         4.42733E-13         4.86665E-13         5.36597E-13         5.93243E-13         6.57447E-13
         1.70023E-12         1.69406E-12         1.68624E-12         1.67637E-12         1.66393E-12         1.64831E-12         1.62880E-12         1.60458E-12         1.57474E-12         1.53838E-12         1.49460E-12         1.44272E-12         1.38235E-12         1.31360E-12         1.23720E-12         1.15457E-12         1.06772E-12         9.79137E-13         8.91392E-13         8.06877E-13         7.27503E-13         6.54561E-13         5.88706E-13         5.30056E-13         4.78344E-13         4.33063E-13         3.93595E-13         3.59295E-13         3.29539E-13         3.03756E-13         2.81435E-13         2.62130E-13         2.45457E-13         2.31089E-13         2.18752E-13         2.08224E-13         1.99324E-13         1.91915E-13         1.85895E-13         1.81199E-13         1.77793E-13         1.75673E-13         1.74865E-13         1.75423E-13         1.77426E-13         1.80982E-13         1.86226E-13         1.93316E-13         2.02438E-13         2.13795E-13         2.27613E-13         2.44130E-13         2.63599E-13         2.86290E-13         3.12494E-13         3.42542E-13         3.76821E-13         4.15792E-13         4.60011E-13         5.10136E-13
         1.71430E-12         1.70727E-12         1.69838E-12         1.68715E-12         1.67301E-12         1.65528E-12         1.63316E-12         1.60574E-12         1.57205E-12         1.53109E-12         1.48196E-12         1.42396E-12         1.35680E-12         1.28075E-12         1.19679E-12         1.10667E-12         1.01277E-12         9.17909E-13         8.24959E-13         7.36504E-13         6.54535E-13         5.80314E-13         5.14377E-13         4.56653E-13         4.06654E-13         3.63649E-13         3.26814E-13         2.95328E-13         2.68433E-13         2.45453E-13         2.25808E-13         2.09006E-13         1.94634E-13         1.82352E-13         1.71880E-13         1.62994E-13         1.55516E-13         1.49308E-13         1.44271E-13         1.40335E-13         1.37460E-13         1.35634E-13         1.34866E-13         1.35191E-13         1.36665E-13         1.39367E-13         1.43398E-13         1.48879E-13         1.55951E-13         1.64775E-13         1.75525E-13         1.88388E-13         2.03563E-13         2.21261E-13         2.41711E-13         2.65170E-13         2.91939E-13         3.22378E-13         3.56918E-13         3.96072E-13
         1.73047E-12         1.72248E-12         1.71237E-12         1.69961E-12         1.68357E-12         1.66348E-12         1.63846E-12         1.60754E-12         1.56965E-12         1.52376E-12         1.46897E-12         1.40463E-12         1.33060E-12         1.24738E-12         1.15627E-12         1.05937E-12         9.59418E-13         8.59533E-13         7.62789E-13         6.71842E-13         5.88649E-13         5.14347E-13         4.49292E-13         3.93212E-13         3.45411E-13         3.04965E-13         2.70880E-13         2.42201E-13         2.18064E-13         1.97725E-13         1.80555E-13         1.66035E-13         1.53740E-13         1.43326E-13         1.34516E-13         1.27091E-13         1.20877E-13         1.15744E-13         1.11593E-13         1.08355E-13         1.05988E-13         1.04471E-13         1.03805E-13         1.04010E-13         1.05127E-13         1.07212E-13         1.10341E-13         1.14606E-13         1.20117E-13         1.26998E-13         1.35384E-13         1.45424E-13         1.57272E-13         1.71095E-13         1.87072E-13         2.05405E-13         2.26328E-13         2.50121E-13         2.77119E-13         3.07723E-13
         1.74906E-12         1.73997E-12         1.72849E-12         1.71401E-12         1.69583E-12         1.67311E-12         1.64489E-12         1.61011E-12         1.56766E-12         1.51649E-12         1.45573E-12         1.38485E-12         1.30392E-12         1.21374E-12         1.11595E-12         1.01305E-12         9.08100E-13         8.04450E-13         7.05268E-13         6.13168E-13         5.29965E-13         4.56590E-13         3.93181E-13         3.39256E-13         2.93935E-13         2.56142E-13         2.24759E-13         1.98737E-13         1.77144E-13         1.59191E-13         1.44223E-13         1.31709E-13         1.21223E-13         1.12425E-13         1.05044E-13         9.88707E-14         9.37398E-14         8.95259E-14         8.61354E-14         8.35014E-14         8.15801E-14         8.03477E-14         7.97984E-14         7.99432E-14         8.08084E-14         8.24361E-14         8.48826E-14         8.82188E-14         9.25291E-14         9.79097E-14         1.04467E-13         1.12317E-13         1.21582E-13         1.32392E-13         1.44888E-13         1.59228E-13         1.75596E-13         1.94209E-13         2.15328E-13         2.39266E-13
         1.77046E-12         1.76013E-12         1.74709E-12         1.73067E-12         1.71009E-12         1.68444E-12         1.65266E-12         1.61364E-12         1.56624E-12         1.50942E-12         1.44238E-12         1.36479E-12         1.27698E-12         1.18008E-12         1.07617E-12         9.68071E-13         8.59164E-13         7.52930E-13         6.52529E-13         5.60430E-13         4.78214E-13         4.06556E-13         3.45347E-13         2.93904E-13         2.51191E-13         2.16018E-13         1.87190E-13         1.63601E-13         1.44283E-13         1.28425E-13         1.15364E-13         1.04569E-13         9.56193E-14         8.81828E-14         8.20008E-14         7.68723E-14         7.26418E-14         6.91910E-14         6.64314E-14         6.42990E-14         6.27506E-14         6.17604E-14         6.13185E-14         6.14290E-14         6.21093E-14         6.33895E-14         6.53119E-14         6.79307E-14         7.13110E-14         7.55277E-14         8.06644E-14         8.68115E-14         9.40653E-14         1.02529E-13         1.12312E-13         1.23540E-13         1.36355E-13         1.50927E-13         1.67461E-13         1.86200E-13
         1.79514E-12         1.78340E-12         1.76859E-12         1.74998E-12         1.72670E-12         1.69776E-12         1.66205E-12         1.61838E-12         1.56561E-12         1.50275E-12         1.42915E-12         1.34469E-12         1.25004E-12         1.14674E-12         1.03725E-12         9.24769E-13         8.12877E-13         7.05115E-13         6.04530E-13         5.13360E-13         4.32894E-13         3.63517E-13         3.04869E-13         2.56081E-13         2.15990E-13         1.83328E-13         1.56857E-13         1.35448E-13         1.18123E-13         1.04071E-13         9.26332E-14         8.32851E-14         7.56167E-14         6.93086E-14         6.41133E-14         5.98403E-14         5.63437E-14         5.35122E-14         5.12630E-14         4.95355E-14         4.82877E-14         4.74933E-14         4.71398E-14         4.72265E-14         4.77643E-14         4.87747E-14         5.02892E-14         5.23490E-14         5.50046E-14         5.83142E-14         6.23433E-14         6.71629E-14         7.28487E-14         7.94816E-14         8.71487E-14         9.59473E-14         1.05990E-13         1.17409E-13         1.30364E-13         1.45046E-13
         1.82366E-12         1.81030E-12         1.79349E-12         1.77240E-12         1.74609E-12         1.71348E-12         1.67340E-12         1.62463E-12         1.56605E-12         1.49676E-12         1.41629E-12         1.32484E-12         1.22343E-12         1.11405E-12         9.99556E-13         8.83444E-13         7.69444E-13         6.61050E-13         5.61112E-13         4.71570E-13         3.93388E-13         3.26648E-13         2.70755E-13         2.24672E-13         1.87137E-13         1.56833E-13         1.32504E-13         1.13024E-13         9.74275E-14         8.49142E-14         7.48400E-14         6.66956E-14         6.00842E-14         5.46995E-14         5.03063E-14         4.67247E-14         4.38174E-14         4.14808E-14         3.96372E-14         3.82296E-14         3.72179E-14         3.65761E-14         3.62899E-14         3.63558E-14         3.67798E-14         3.75769E-14         3.87703E-14         4.03916E-14         4.24796E-14         4.50797E-14         4.82431E-14         5.20255E-14         5.64867E-14         6.16900E-14         6.77043E-14         7.46057E-14         8.24826E-14         9.14391E-14         1.01600E-13         1.13114E-13
         1.85669E-12         1.84150E-12         1.82240E-12         1.79851E-12         1.76878E-12         1.73207E-12         1.68715E-12         1.63279E-12         1.56792E-12         1.49178E-12         1.40415E-12         1.30558E-12         1.19752E-12         1.08238E-12         9.63423E-13         8.44370E-13         7.29010E-13         6.20709E-13         5.22046E-13         4.34619E-13         3.59050E-13         2.95130E-13         2.42048E-13         1.98625E-13         1.63525E-13         1.35403E-13         1.13004E-13         9.52217E-14         8.11137E-14         6.99041E-14         6.09699E-14         5.38202E-14         4.80743E-14         4.34398E-14         3.96933E-14         3.66652E-14         3.42268E-14         3.22812E-14         3.07559E-14         2.95974E-14         2.87678E-14         2.82416E-14         2.80040E-14         2.80493E-14         2.83799E-14         2.90061E-14         2.99450E-14         3.12203E-14         3.28621E-14         3.49055E-14         3.73907E-14         4.03614E-14         4.38646E-14         4.79502E-14         5.26723E-14         5.80909E-14         6.42752E-14         7.13071E-14         7.92843E-14         8.83233E-14
         1.89505E-12         1.87776E-12         1.85607E-12         1.82899E-12         1.79542E-12         1.75412E-12         1.70383E-12         1.64334E-12         1.57166E-12         1.48823E-12         1.39314E-12         1.28732E-12         1.17270E-12         1.05212E-12         9.29182E-13         8.07778E-13         6.91670E-13         5.84013E-13         4.87062E-13         4.02050E-13         3.29258E-13         2.68205E-13         2.17887E-13         1.77012E-13         1.44188E-13         1.18061E-13         9.73911E-14         8.10978E-14         6.82709E-14         5.81645E-14         5.01813E-14         4.38516E-14         3.88121E-14         3.47844E-14         3.15570E-14         2.89699E-14         2.69024E-14         2.52637E-14         2.39862E-14         2.30199E-14         2.23289E-14         2.18888E-14         2.16844E-14         2.17088E-14         2.19618E-14         2.24501E-14         2.31860E-14         2.41874E-14         2.54773E-14         2.70831E-14         2.90361E-14         3.13706E-14         3.41235E-14         3.73342E-14         4.10453E-14         4.53039E-14         5.01644E-14         5.56910E-14         6.19606E-14         6.90645E-14
         1.93975E-12         1.92005E-12         1.89539E-12         1.86470E-12         1.82677E-12         1.78033E-12         1.72407E-12         1.65684E-12         1.57779E-12         1.48659E-12         1.38370E-12         1.27050E-12         1.14939E-12         1.02364E-12         8.97130E-13         7.73857E-13         6.57466E-13         5.50843E-13         4.55876E-13         3.73425E-13         3.03443E-13         2.45199E-13         1.97526E-13         1.59040E-13         1.28315E-13         1.03995E-13         8.48649E-14         6.98758E-14         5.81524E-14         4.89810E-14         4.17921E-14         3.61388E-14         3.16756E-14         2.81384E-14         2.53270E-14         2.30906E-14         2.13156E-14         1.99172E-14         1.88320E-14         1.80132E-14         1.74271E-14         1.70502E-14         1.68676E-14         1.68713E-14         1.70595E-14         1.74361E-14         1.80097E-14         1.87937E-14         1.98057E-14         2.10669E-14         2.26017E-14         2.44369E-14         2.66016E-14         2.91269E-14         3.20461E-14         3.53965E-14         3.92208E-14         4.35695E-14         4.85028E-14         5.40927E-14
         1.99198E-12         1.96951E-12         1.94145E-12         1.90663E-12         1.86378E-12         1.81155E-12         1.74865E-12         1.67399E-12         1.58692E-12         1.48742E-12         1.37635E-12         1.25558E-12         1.12800E-12         9.97288E-13         8.67530E-13         7.42746E-13         6.26399E-13         5.21048E-13         4.28196E-13         3.48330E-13         2.81093E-13         2.25531E-13         1.80337E-13         1.44057E-13         1.15241E-13         9.25455E-14         7.47804E-14         6.09320E-14         5.01599E-14         4.17830E-14         3.52596E-14         3.01657E-14         2.61737E-14         2.30336E-14         2.05560E-14         1.85986E-14         1.70545E-14         1.58441E-14         1.49080E-14         1.42024E-14         1.36955E-14         1.33649E-14         1.31959E-14         1.31800E-14         1.33143E-14         1.36003E-14         1.40441E-14         1.46555E-14         1.54477E-14         1.64373E-14         1.76430E-14         1.90861E-14         2.07893E-14         2.27770E-14         2.50756E-14         2.77143E-14         3.07269E-14         3.41530E-14         3.80401E-14         4.24446E-14
         2.05324E-12         2.02756E-12         1.99559E-12         1.95605E-12         1.90758E-12         1.84881E-12         1.77847E-12         1.69559E-12         1.59976E-12         1.49133E-12         1.37163E-12         1.24305E-12         1.10896E-12         9.73392E-13         8.40599E-13         7.14540E-13         5.98429E-13         4.94460E-13         4.03739E-13         3.26388E-13         2.61763E-13         2.08709E-13         1.65802E-13         1.31530E-13         1.04436E-13         8.31884E-14         6.66280E-14         5.37750E-14         4.38233E-14         3.61229E-14         3.01590E-14         2.55295E-14         2.19241E-14         1.91064E-14         1.68973E-14         1.51624E-14         1.38011E-14         1.27382E-14         1.19181E-14         1.12996E-14         1.08526E-14         1.05559E-14         1.03950E-14         1.03614E-14         1.04509E-14         1.06638E-14         1.10038E-14         1.14781E-14         1.20966E-14         1.28719E-14         1.38187E-14         1.49535E-14         1.62942E-14         1.78600E-14         1.96718E-14         2.17525E-14         2.41286E-14         2.68316E-14         2.98987E-14         3.33745E-14
         2.12537E-12         2.09596E-12         2.05945E-12         2.01446E-12         1.95956E-12         1.89334E-12         1.81461E-12         1.72258E-12         1.61712E-12         1.49902E-12         1.37013E-12         1.23340E-12         1.09265E-12         9.52240E-13         8.16511E-13         6.89290E-13         5.73487E-13         4.70902E-13         3.82237E-13         3.07263E-13         2.45068E-13         1.94321E-13         1.53494E-13         1.21034E-13         9.54774E-14         7.55129E-14         6.00103E-14         4.80234E-14         3.87784E-14         3.16547E-14         2.61622E-14         2.19193E-14         1.86323E-14         1.60773E-14         1.40851E-14         1.25283E-14         1.13121E-14         1.03655E-14         9.63599E-15         9.08480E-15         8.68351E-15         8.41182E-15         8.25574E-15         8.20642E-15         8.25923E-15         8.41318E-15         8.67040E-15         9.03585E-15         9.51695E-15         1.01233E-14         1.08662E-14         1.17586E-14         1.28145E-14         1.40490E-14         1.54784E-14         1.71211E-14         1.89980E-14         2.11337E-14         2.35576E-14         2.63050E-14
         2.21066E-12         2.17687E-12         2.13505E-12         2.08371E-12         2.02137E-12         1.94663E-12         1.85837E-12         1.75605E-12         1.63991E-12         1.51124E-12         1.37247E-12         1.22710E-12         1.07944E-12         9.34085E-13         7.95400E-13         6.67014E-13         5.51484E-13         4.50193E-13         3.63440E-13         2.90656E-13         2.30683E-13         1.82026E-13         1.43070E-13         1.12228E-13         8.80344E-14         6.91993E-14         5.46209E-14         4.33845E-14         3.47467E-14         2.81137E-14         2.30184E-14         1.90980E-14         1.60739E-14         1.37336E-14         1.19170E-14         1.05034E-14         9.40283E-15         8.54831E-15         7.89005E-15         7.39131E-15         7.02515E-15         6.77216E-15         6.61878E-15         6.55610E-15         6.57904E-15         6.68572E-15         6.87702E-15         7.15623E-15         7.52876E-15         8.00182E-15         8.58418E-15         9.28581E-15         1.01177E-14         1.10918E-14         1.22209E-14         1.35196E-14         1.50043E-14         1.66945E-14         1.86135E-14         2.07892E-14
         2.31199E-12         2.27300E-12         2.22489E-12         2.16611E-12         2.09508E-12         2.01045E-12         1.91126E-12         1.79727E-12         1.66916E-12         1.52881E-12         1.37928E-12         1.22466E-12         1.06968E-12         9.19148E-13         7.77369E-13         6.47707E-13         5.32324E-13         4.32166E-13         3.47126E-13         2.76313E-13         2.18333E-13         1.71544E-13         1.34253E-13         1.04841E-13         8.18478E-14         6.39999E-14         5.02240E-14         3.96348E-14         3.15163E-14         2.52996E-14         2.05381E-14         1.68864E-14         1.40790E-14         1.19145E-14         1.02402E-14         8.94192E-15         7.93395E-15         7.15261E-15         6.55061E-15         6.09300E-15         5.75411E-15         5.51531E-15         5.36345E-15         5.28964E-15         5.28847E-15         5.35742E-15         5.49637E-15         5.70732E-15         5.99409E-15         6.36207E-15         6.81793E-15         7.36942E-15         8.02511E-15         8.79435E-15         9.68736E-15         1.07155E-14         1.18919E-14         1.32320E-14         1.47542E-14         1.64805E-14
         2.43299E-12         2.38774E-12         2.33213E-12         2.26448E-12         2.18320E-12         2.08698E-12         1.97511E-12         1.84772E-12         1.70605E-12         1.55264E-12         1.39125E-12         1.22657E-12         1.06371E-12         9.07630E-13         7.62500E-13         6.31353E-13         5.15912E-13         4.16665E-13         3.33104E-13         2.64019E-13         2.07794E-13         1.62651E-13         1.26822E-13         9.86639E-14         7.67158E-14         5.97240E-14         4.66397E-14         3.66042E-14         2.89270E-14         2.30610E-14         1.85787E-14         1.51496E-14         1.25205E-14         1.04991E-14         8.94013E-15         7.73452E-15         6.80059E-15         6.07750E-15         5.52007E-15         5.09487E-15         4.77728E-15         4.54940E-15         4.39842E-15         4.31550E-15         4.29503E-15         4.33395E-15         4.43140E-15         4.58839E-15         4.80747E-15         5.09259E-15         5.44879E-15         5.88202E-15         6.39899E-15         7.00701E-15         7.71416E-15         8.52943E-15         9.46320E-15         1.05278E-14         1.17377E-14         1.31106E-14
         2.57830E-12         2.52543E-12         2.46072E-12         2.38238E-12         2.28881E-12         2.17885E-12         2.05208E-12         1.90913E-12         1.75192E-12         1.58374E-12         1.40911E-12         1.23332E-12         1.06186E-12         8.99719E-13         7.50869E-13         6.17938E-13         5.02165E-13         4.03562E-13         3.21214E-13         2.53598E-13         1.98887E-13         1.55168E-13         1.20606E-13         9.35305E-14         7.24832E-14         5.62253E-14         4.37305E-14         3.41640E-14         2.68577E-14         2.12844E-14         1.70331E-14         1.37868E-14         1.13028E-14         9.39719E-15         7.93085E-15         6.79930E-15         5.92427E-15         5.24736E-15         4.72516E-15         4.32547E-15         4.02460E-15         3.80517E-15         3.65470E-15         3.56441E-15         3.52853E-15         3.54361E-15         3.60822E-15         3.72256E-15         3.88822E-15         4.10799E-15         4.38563E-15         4.72569E-15         5.13335E-15         5.61436E-15         6.17508E-15         6.82263E-15         7.56527E-15         8.41275E-15         9.37675E-15         1.04712E-14
         2.75391E-12         2.69162E-12         2.61570E-12         2.52427E-12         2.41579E-12         2.28929E-12         2.14479E-12         1.98354E-12         1.80829E-12         1.62321E-12         1.43363E-12         1.24546E-12         1.06446E-12         8.95610E-13         7.42559E-13         6.07463E-13         4.91025E-13         3.92760E-13         3.11333E-13         2.44917E-13         1.91472E-13         1.48957E-13         1.15470E-13         8.93152E-14         6.90311E-14         5.33926E-14         4.13926E-14         3.22171E-14         2.52177E-14         1.98847E-14         1.58215E-14         1.27228E-14         1.03552E-14         8.54165E-15         7.14854E-15         6.07526E-15         5.24643E-15         4.60567E-15         4.11100E-15         3.73124E-15         3.44335E-15         3.23042E-15         3.08018E-15         2.98394E-15         2.93576E-15         2.93194E-15         2.97054E-15         3.05117E-15         3.17465E-15         3.34285E-15         3.55852E-15         3.82508E-15         4.14654E-15         4.52738E-15         4.97259E-15         5.48784E-15         6.07970E-15         6.75593E-15         7.52587E-15         8.40063E-15
         2.96766E-12         2.89348E-12         2.80351E-12         2.69582E-12         2.56895E-12         2.42227E-12         2.25637E-12         2.07335E-12         1.87693E-12         1.67231E-12         1.46569E-12         1.26355E-12         1.07189E-12         8.95516E-13         7.37676E-13         5.99955E-13         4.82467E-13         3.84194E-13         3.03379E-13         2.37879E-13         1.85448E-13         1.43918E-13         1.11318E-13         8.59241E-14         6.62708E-14         5.11426E-14         3.95480E-14         3.06907E-14         2.39392E-14         1.87984E-14         1.48844E-14         1.19017E-14         9.62484E-15         7.88261E-15         6.54580E-15         5.51712E-15         4.72353E-15         4.11032E-15         3.63662E-15         3.27202E-15         2.99396E-15         2.78586E-15         2.63558E-15         2.53445E-15         2.47642E-15         2.45753E-15         2.47552E-15         2.52946E-15         2.61958E-15         2.74703E-15         2.91374E-15         3.12226E-15         3.37564E-15         3.67736E-15         4.03134E-15         4.44208E-15         4.91479E-15         5.45571E-15         6.07230E-15         6.77347E-15
         3.22984E-12         3.14042E-12         3.03254E-12         2.90426E-12         2.75435E-12         2.58269E-12         2.39065E-12         2.18141E-12         1.95989E-12         1.73245E-12         1.50623E-12         1.28823E-12         1.08454E-12         8.99691E-13         7.36365E-13         5.95484E-13         4.76505E-13         3.77844E-13         2.97303E-13         2.32424E-13         1.80748E-13         1.39981E-13         1.08080E-13         8.32900E-14         6.41383E-14         4.94147E-14         3.81398E-14         2.95314E-14         2.29720E-14         1.79788E-14         1.41780E-14         1.12824E-14         9.07294E-15         7.38322E-15         6.08760E-15         5.09136E-15         4.32332E-15         3.73005E-15         3.27152E-15         2.91785E-15         2.64681E-15         2.44197E-15         2.29126E-15         2.18596E-15         2.11992E-15         2.08897E-15         2.09052E-15         2.12326E-15         2.18693E-15         2.28210E-15         2.41006E-15         2.57265E-15         2.77216E-15         3.01127E-15         3.29306E-15         3.62108E-15         3.99950E-15         4.43330E-15         4.92848E-15         5.49221E-15
         3.55422E-12         3.44483E-12         3.31368E-12         3.15891E-12         2.97968E-12         2.77662E-12         2.55223E-12         2.31106E-12         2.05951E-12         1.80524E-12         1.55632E-12         1.32020E-12         1.10290E-12         9.08448E-13         7.38826E-13         5.94167E-13         4.73199E-13         3.73730E-13         2.93102E-13         2.28530E-13         1.77340E-13         1.37106E-13         1.05713E-13         8.13688E-14         6.25899E-14         4.81667E-14         3.71277E-14         2.87012E-14         2.22803E-14         1.73919E-14         1.36703E-14         1.08348E-14         8.67103E-15         7.01651E-15         5.74820E-15         4.77333E-15         4.02203E-15         3.44176E-15         2.99309E-15         2.64644E-15         2.37975E-15         2.17661E-15         2.02492E-15         1.91587E-15         1.84314E-15         1.80237E-15         1.79070E-15         1.80650E-15         1.84909E-15         1.91860E-15         2.01578E-15         2.14192E-15         2.29870E-15         2.48816E-15         2.71269E-15         2.97510E-15         3.27872E-15         3.62754E-15         4.02639E-15         4.48106E-15
         3.95935E-12         3.82325E-12         3.66125E-12         3.47176E-12         3.25461E-12         3.01156E-12         2.74667E-12         2.46627E-12         2.17851E-12         1.89249E-12         1.61718E-12         1.36029E-12         1.12751E-12         9.22168E-13         7.45321E-13         5.96182E-13         4.72664E-13         3.71921E-13         2.90810E-13         2.26207E-13         1.75217E-13         1.35278E-13         1.04195E-13         8.01366E-14         6.15998E-14         4.73722E-14         3.64855E-14         2.81745E-14         2.18395E-14         1.70144E-14         1.33391E-14         1.05374E-14         8.39877E-15         6.76302E-15         5.50897E-15         4.54506E-15         3.80226E-15         3.22852E-15         2.78468E-15         2.44131E-15         2.17633E-15         1.97325E-15         1.81983E-15         1.70710E-15         1.62856E-15         1.57961E-15         1.55716E-15         1.55928E-15         1.58496E-15         1.63395E-15         1.70658E-15         1.80368E-15         1.92644E-15         2.07639E-15         2.25538E-15         2.46561E-15         2.70973E-15         2.99095E-15         3.31318E-15         3.68110E-15
         4.47047E-12         4.29785E-12         4.09415E-12         3.85834E-12         3.59138E-12         3.29676E-12         2.98064E-12         2.65164E-12         2.31996E-12         1.99624E-12         1.69017E-12         1.40942E-12         1.15904E-12         9.41324E-13         7.56191E-13         6.01773E-13         4.75070E-13         3.72532E-13         2.90501E-13         2.25502E-13         1.74407E-13         1.34509E-13         1.03529E-13         7.95872E-14         6.11578E-14         4.70183E-14         3.61989E-14         2.79363E-14         2.16345E-14         1.68311E-14         1.31694E-14         1.03760E-14         8.24214E-15         6.60915E-15         5.35669E-15         4.39372E-15         3.65147E-15         3.07801E-15         2.63416E-15         2.29037E-15         2.02442E-15         1.81962E-15         1.66351E-15         1.54687E-15         1.46296E-15         1.40696E-15         1.37551E-15         1.36641E-15         1.37838E-15         1.41082E-15         1.46375E-15         1.53758E-15         1.63314E-15         1.75153E-15         1.89416E-15         2.06274E-15         2.25938E-15         2.48667E-15         2.74777E-15         3.04647E-15
         5.12229E-12         4.89859E-12         4.63736E-12         4.33867E-12         4.00535E-12         3.64342E-12         3.26196E-12         2.87242E-12         2.48734E-12         2.11876E-12         1.77680E-12         1.46866E-12         1.19825E-12         9.66488E-13         7.71864E-13         6.11256E-13         4.80649E-13         3.75729E-13         2.92293E-13         2.26493E-13         1.74960E-13         1.34832E-13         1.03734E-13         7.97313E-14         6.12678E-14         4.71045E-14         3.62642E-14         2.79809E-14         2.16581E-14         1.68341E-14         1.31528E-14         1.03417E-14         8.19227E-15         6.54599E-15         5.28248E-15         4.31047E-15         3.56090E-15         2.98152E-15         2.53281E-15         2.18489E-15         1.91519E-15         1.70672E-15         1.54670E-15         1.42562E-15         1.33643E-15         1.27404E-15         1.23483E-15         1.21634E-15         1.21700E-15         1.23596E-15         1.27291E-15         1.32798E-15         1.40165E-15         1.49469E-15         1.60814E-15         1.74334E-15         1.90195E-15         2.08605E-15         2.29819E-15         2.54147E-15
         5.96271E-12         5.66594E-12         5.32376E-12         4.93832E-12         4.51547E-12         4.06493E-12         3.59964E-12         3.13448E-12         2.68438E-12         2.26249E-12         1.87875E-12         1.53919E-12         1.24604E-12         9.98339E-13         7.92859E-13         6.25023E-13         4.89693E-13         3.81727E-13         2.96341E-13         2.29295E-13         1.76958E-13         1.36303E-13         1.04849E-13         8.05953E-14         6.19470E-14         4.76415E-14         3.66874E-14         2.83108E-14         2.19104E-14         1.70215E-14         1.32864E-14         1.04306E-14         8.24451E-15         6.56845E-15         5.28090E-15         4.28965E-15         3.52474E-15         2.93311E-15         2.47458E-15         2.11868E-15         1.84232E-15         1.62804E-15         1.46267E-15         1.33630E-15         1.24158E-15         1.17308E-15         1.12689E-15         1.10028E-15         1.09142E-15         1.09919E-15         1.12303E-15         1.16281E-15         1.21872E-15         1.29126E-15         1.38117E-15         1.48947E-15         1.61747E-15         1.76682E-15         1.93960E-15         2.13833E-15
         7.05802E-12         6.65437E-12         6.19621E-12         5.68939E-12         5.14455E-12         4.57666E-12         4.00360E-12         3.44404E-12         2.91501E-12         2.43000E-12         1.99779E-12         1.62234E-12         1.30342E-12         1.03767E-12         8.19785E-13         6.43543E-13         5.02557E-13         3.90791E-13         3.02843E-13         2.34052E-13         1.80508E-13         1.39001E-13         1.06931E-13         8.22208E-14         6.32256E-14         4.86505E-14         3.74833E-14         2.89359E-14         2.23977E-14         1.73972E-14         1.35716E-14         1.06428E-14         8.39785E-15         6.67462E-15         5.34942E-15         4.32822E-15         3.53954E-15         2.92905E-15         2.45551E-15         2.08756E-15         1.80141E-15         1.57897E-15         1.40655E-15         1.27381E-15         1.17298E-15         1.09828E-15         1.04549E-15         1.01158E-15         9.94455E-16         9.92748E-16         1.00565E-15         1.03280E-15         1.07415E-15         1.12996E-15         1.20074E-15         1.28722E-15         1.39042E-15         1.51167E-15         1.65263E-15         1.81538E-15
         8.49937E-12         7.93612E-12         7.30921E-12         6.63080E-12         5.91881E-12         5.19534E-12         4.48408E-12         3.80727E-12         3.18306E-12         2.62383E-12         2.13577E-12         1.71953E-12         1.37151E-12         1.08536E-12         8.53346E-13         6.67359E-13         5.19656E-13         4.03237E-13         3.12037E-13         2.40942E-13         1.85743E-13         1.43026E-13         1.10055E-13         8.46643E-14         6.51457E-14         5.01632E-14         3.86752E-14         2.98735E-14         2.31325E-14         1.79698E-14         1.40146E-14         1.09820E-14         8.65443E-15         6.86538E-15         5.48792E-15         4.42531E-15         3.60385E-15         2.96742E-15         2.47330E-15         2.08895E-15         1.78961E-15         1.55641E-15         1.37500E-15         1.23451E-15         1.12671E-15         1.04541E-15         9.86040E-16         9.45259E-16         9.20692E-16         9.10716E-16         9.14290E-16         9.30822E-16         9.60074E-16         1.00209E-15         1.05715E-15         1.12579E-15         1.20877E-15         1.30714E-15         1.42225E-15         1.55577E-15
         1.04097E-11         9.60427E-12         8.72920E-12         7.80707E-12         6.86623E-12         5.93757E-12         5.05056E-12         4.22965E-12         3.49193E-12         2.84637E-12         2.29453E-12         1.83225E-12         1.45154E-12         1.14242E-12         8.94326E-13         6.97085E-13         5.41463E-13         4.19427E-13         3.24197E-13         2.50176E-13         1.92824E-13         1.48499E-13         1.14315E-13         8.79965E-14         6.77614E-14         5.22206E-14         4.02945E-14         3.11472E-14         2.41325E-14         1.87527E-14         1.46249E-14         1.14554E-14         9.01918E-15         7.14401E-15         5.69839E-15         4.58190E-15         3.71787E-15         3.04779E-15         2.52704E-15         2.12153E-15         1.80527E-15         1.55842E-15         1.36582E-15         1.21594E-15         1.10002E-15         1.01143E-15         9.45193E-16         8.97631E-16         8.66069E-16         8.48621E-16         8.44009E-16         8.51428E-16         8.70440E-16         9.00903E-16         9.42919E-16         9.96819E-16         1.06317E-15         1.14277E-15         1.23670E-15         1.34634E-15
         1.29486E-11         1.17720E-11         1.05311E-11         9.26412E-12         8.01285E-12         6.81715E-12         5.71016E-12         4.71509E-12         3.84417E-12         3.09960E-12         2.47580E-12         1.96202E-12         1.54480E-12         1.20989E-12         9.43578E-13         7.33393E-13         5.68503E-13         4.39765E-13         3.39636E-13         2.61993E-13         2.01932E-13         1.55563E-13         1.19819E-13         9.23017E-14         7.11377E-14         5.48730E-14         4.23800E-14         3.27869E-14         2.54208E-14         1.97634E-14         1.54161E-14         1.20730E-14         9.49952E-15         7.51590E-15         5.98465E-15         4.80056E-15         3.88319E-15         3.17100E-15         2.61694E-15         2.18503E-15         1.84773E-15         1.58399E-15         1.37769E-15         1.21653E-15         1.09110E-15         9.94246E-16         9.20571E-16         8.66015E-16         8.27585E-16         8.03112E-16         7.91074E-16         7.90449E-16         8.00607E-16         8.21228E-16         8.52247E-16         8.93826E-16         9.46345E-16         1.01041E-15         1.08688E-15         1.17685E-15
         1.63076E-11         1.45629E-11         1.27876E-11         1.10404E-11         9.37662E-12         7.84144E-12         6.46577E-12         5.26509E-12         4.24113E-12         3.38503E-12         2.68113E-12         2.11031E-12         1.65260E-12         1.28891E-12         1.00201E-12         7.77007E-13         6.01343E-13         4.64694E-13         3.58696E-13         2.76658E-13         2.13276E-13         1.64376E-13         1.26692E-13         9.76761E-14         7.53497E-14         5.81789E-14         4.49772E-14         3.48280E-14         2.70247E-14         2.10230E-14         1.64044E-14         1.28473E-14         1.01050E-14         7.98827E-15         6.35206E-15         5.08523E-15         4.10259E-15         3.33891E-15         2.74416E-15         2.28001E-15         1.91709E-15         1.63286E-15         1.41005E-15         1.23541E-15         1.09881E-15         9.92485E-16         9.10545E-16         8.48521E-16         8.03068E-16         7.71717E-16         7.52687E-16         7.44734E-16         7.47032E-16         7.59087E-16         7.80673E-16         8.11796E-16         8.52678E-16         9.03753E-16         9.65672E-16         1.03931E-15
         2.06837E-11         1.80852E-11         1.55490E-11         1.31533E-11         1.09597E-11         9.00766E-12         7.31449E-12         5.87823E-12         4.68283E-12         3.70362E-12         2.91192E-12         2.27861E-12         1.77631E-12         1.38062E-12         1.07059E-12         8.28693E-13         6.40588E-13         4.94686E-13         3.81746E-13         2.94458E-13         2.27078E-13         1.75114E-13         1.35069E-13         1.04226E-13         8.04808E-14         6.22036E-14         4.81371E-14         3.73104E-14         2.89755E-14         2.25560E-14         1.76087E-14         1.37930E-14         1.08470E-14         8.56987E-15         6.80732E-15         5.44093E-15         4.37984E-15         3.55426E-15         2.91062E-15         2.40778E-15         2.01412E-15         1.70537E-15         1.46287E-15         1.27228E-15         1.12258E-15         1.00534E-15         9.14073E-16         8.43868E-16         7.90991E-16         7.52650E-16         7.26789E-16         7.11927E-16         7.07035E-16         7.11442E-16         7.24765E-16         7.46861E-16         7.77805E-16         8.17872E-16         8.67543E-16         9.27505E-16
         2.62169E-11         2.23854E-11         1.88142E-11         1.55844E-11         1.27422E-11         1.03010E-11         8.24757E-12         6.55048E-12         5.16830E-12         4.05599E-12         3.16949E-12         2.46840E-12         1.91732E-12         1.48624E-12         1.15029E-12         8.89250E-13         6.86870E-13         5.30239E-13         4.09176E-13         3.15699E-13         2.43577E-13         1.87964E-13         1.45098E-13         1.12068E-13         8.66215E-14         6.70182E-14         5.19156E-14         4.02780E-14         3.13075E-14         2.43892E-14         1.90502E-14         1.49265E-14         1.17384E-14         9.27069E-15         7.35814E-15         5.87364E-15         4.71948E-15         3.82049E-15         3.11887E-15         2.57015E-15         2.14009E-15         1.80234E-15         1.53661E-15         1.32727E-15         1.16229E-15         1.03243E-15         9.30561E-16         8.51248E-16         7.90331E-16         7.44665E-16         7.11896E-16         6.90291E-16         6.78610E-16         6.75996E-16         6.81905E-16         6.96047E-16         7.18356E-16         7.48964E-16         7.88197E-16         8.36570E-16
         3.28926E-11         2.73947E-11         2.25075E-11         1.82725E-11         1.46829E-11         1.16972E-11         9.25266E-12         7.27680E-12         5.69643E-12         4.44295E-12         3.45535E-12         2.68131E-12         2.07713E-12         1.60704E-12         1.24218E-12         9.59520E-13         7.40856E-13         5.71878E-13         4.41399E-13         3.40704E-13         2.63028E-13         2.03124E-13         1.56935E-13         1.21324E-13         9.38684E-14         7.26986E-14         5.63723E-14         4.37777E-14         3.40577E-14         2.65518E-14         2.07517E-14         1.62659E-14         1.27932E-14         1.01017E-14         8.01314E-15         6.39005E-15         5.12669E-15         4.14159E-15         3.37197E-15         2.76944E-15         2.29669E-15         1.92496E-15         1.63205E-15         1.40085E-15         1.21813E-15         1.07372E-15         9.59766E-16         8.70222E-16         8.00456E-16         7.46933E-16         7.06976E-16         6.78583E-16         6.60284E-16         6.51030E-16         6.50109E-16         6.57082E-16         6.71741E-16         6.94084E-16         7.24294E-16         7.62733E-16
         4.04611E-11         3.29071E-11         2.64838E-11         2.11267E-11         1.67304E-11         1.31703E-11         1.03185E-11         8.05368E-12         6.26739E-12         4.86613E-12         3.77154E-12         2.91932E-12         2.25746E-12         1.74445E-12         1.34739E-12         1.04041E-12         8.03260E-13         6.20163E-13         4.78852E-13         3.69817E-13         2.85699E-13         2.20807E-13         1.70746E-13         1.32125E-13         1.02324E-13         7.93256E-14         6.15711E-14         4.78597E-14         3.72654E-14         2.90747E-14         2.27375E-14         1.78302E-14         1.40265E-14         1.10749E-14         8.78164E-15         6.99748E-15         5.60723E-15         4.52204E-15         3.67338E-15         3.00831E-15         2.48596E-15         2.07476E-15         1.75032E-15         1.49379E-15         1.29060E-15         1.12948E-15         1.00173E-15         9.00646E-16         8.21045E-16         7.58960E-16         7.11358E-16         6.75946E-16         6.51007E-16         6.35288E-16         6.27898E-16         6.28245E-16         6.35980E-16         6.50965E-16         6.73248E-16         7.03053E-16
         4.84717E-11         3.86361E-11         3.05770E-11         2.40590E-11         1.88427E-11         1.47033E-11         1.14404E-11         8.88194E-12         6.88402E-12         5.32878E-12         4.12107E-12         3.18496E-12         2.46038E-12         1.90011E-12         1.46722E-12         1.13293E-12         8.74874E-13         6.75711E-13         5.22016E-13         4.03413E-13         3.11883E-13         2.41241E-13         1.86711E-13         1.44611E-13         1.12100E-13         8.69865E-14         6.75804E-14         5.25779E-14         4.09734E-14         3.19915E-14         2.50341E-14         1.96404E-14         1.54547E-14         1.22030E-14         9.67386E-15         7.70400E-15         6.16744E-15         4.96686E-15         4.02705E-15         3.28984E-15         2.71029E-15         2.25359E-15         1.89282E-15         1.60715E-15         1.38043E-15         1.20019E-15         1.05675E-15         9.42621E-16         8.52031E-16         7.80518E-16         7.24657E-16         6.81833E-16         6.50066E-16         6.27879E-16         6.14195E-16         6.08258E-16         6.09574E-16         6.17871E-16         6.33065E-16         6.55249E-16
         5.64645E-11         4.43403E-11         3.46725E-11         2.70227E-11         2.10062E-11         1.62969E-11         1.26244E-11         9.76867E-12         7.55281E-12         5.83630E-12         4.50821E-12         3.48157E-12         2.68845E-12         2.07600E-12         1.60320E-12         1.23826E-12         9.56606E-13         7.39225E-13         5.71438E-13         4.41915E-13         3.41912E-13         2.64685E-13         2.05032E-13         1.58942E-13         1.23320E-13         9.57788E-14         7.44769E-14         5.79925E-14         4.52288E-14         3.53393E-14         2.76708E-14         2.17194E-14         1.70961E-14         1.35007E-14         1.07012E-14         8.51862E-15         6.81447E-15         5.48170E-15         4.43745E-15         3.61760E-15         2.97249E-15         2.46365E-15         2.06127E-15         1.74224E-15         1.48865E-15         1.28661E-15         1.12533E-15         9.96479E-16         8.93575E-16         8.11613E-16         7.46730E-16         6.95955E-16         6.57020E-16         6.28208E-16         6.08241E-16         5.96189E-16         5.91409E-16         5.93488E-16         6.02216E-16         6.17554E-16
         6.41986E-11         4.99342E-11         3.87562E-11         3.00314E-11         2.32424E-11         1.79721E-11         1.38880E-11         1.07275E-11         8.28414E-12         6.39643E-12         4.93873E-12         3.81343E-12         2.94488E-12         2.27452E-12         1.75714E-12         1.35780E-12         1.04953E-12         8.11538E-13         6.27762E-13         4.85824E-13         3.76172E-13         2.91439E-13         2.25943E-13         1.75300E-13         1.36127E-13         1.05815E-13         8.23487E-14         6.41727E-14         5.00860E-14         3.91610E-14         3.06813E-14         2.40940E-14         1.89717E-14         1.49843E-14         1.18767E-14         9.45172E-15         7.55658E-15         6.07312E-15         4.90982E-15         3.99574E-15         3.27588E-15         2.70759E-15         2.25777E-15         1.90074E-15         1.61655E-15         1.38974E-15         1.20826E-15         1.06278E-15         9.46058E-16         8.52465E-16         7.77648E-16         7.18243E-16         6.71662E-16         6.35927E-16         6.09542E-16         5.91394E-16         5.80678E-16         5.76842E-16         5.79541E-16         5.88613E-16
         7.17363E-11         5.55066E-11         4.29107E-11         3.31522E-11         2.56018E-11         1.97657E-11         1.52578E-11         1.17776E-11         9.09165E-12         7.01903E-12         5.41980E-12         4.18582E-12         3.23356E-12         2.49861E-12         1.93127E-12         1.49323E-12         1.15494E-12         8.93641E-13         6.91754E-13         5.35734E-13         4.15125E-13         3.21864E-13         2.49724E-13         1.93903E-13         1.50692E-13         1.17228E-13         9.13002E-14         7.12006E-14         5.56094E-14         4.35071E-14         3.41054E-14         2.67953E-14         2.11060E-14         1.66734E-14         1.32159E-14         1.05156E-14         8.40351E-15         6.74892E-15         5.45039E-15         4.42926E-15         3.62448E-15         2.98863E-15         2.48491E-15         2.08472E-15         1.76581E-15         1.51091E-15         1.30657E-15         1.14234E-15         1.01009E-15         9.03509E-16         8.17690E-16         7.48830E-16         6.93988E-16         6.50897E-16         6.17825E-16         5.93461E-16         5.76829E-16         5.67228E-16         5.64179E-16         5.67394E-16
         7.93537E-11         6.12563E-11         4.72757E-11         3.64815E-11         2.81510E-11         2.17238E-11         1.67658E-11         1.29414E-11         9.99138E-12         7.71565E-12         5.95984E-12         4.60492E-12         3.55913E-12         2.75172E-12         2.12820E-12         1.64654E-12         1.27437E-12         9.86721E-13         7.64335E-13         5.92359E-13         4.59328E-13         3.56390E-13         2.76712E-13         2.15014E-13         1.67219E-13         1.30178E-13         1.01456E-13         7.91739E-14         6.18759E-14         4.84379E-14         3.79904E-14         2.98607E-14         2.35286E-14         1.85914E-14         1.47373E-14         1.17249E-14         9.36696E-15         7.51841E-15         6.06662E-15         4.92416E-15         4.02310E-15         3.31067E-15         2.74586E-15         2.29674E-15         1.93849E-15         1.65179E-15         1.42161E-15         1.23622E-15         1.08652E-15         9.65395E-16         8.67335E-16         7.88042E-16         7.24179E-16         6.73165E-16         6.33007E-16         6.02177E-16         5.79517E-16         5.64168E-16         5.55511E-16         5.53132E-16
         8.74047E-11         6.74136E-11         5.20042E-11         4.01226E-11         3.09604E-11         2.38950E-11         1.84460E-11         1.42431E-11         1.10008E-11         8.49911E-12         6.56833E-12         5.07783E-12         3.92689E-12         3.03789E-12         2.35099E-12         1.82009E-12         1.40962E-12         1.09217E-12         8.46587E-13         6.56543E-13         5.09436E-13         3.95531E-13         3.07305E-13         2.38943E-13         1.85951E-13         1.44854E-13         1.12966E-13         8.82091E-14         6.89767E-14         5.40253E-14         4.23929E-14         3.33348E-14         2.62746E-14         2.07659E-14         1.64627E-14         1.30970E-14         1.04608E-14         8.39272E-15         6.76743E-15         5.48759E-15         4.47754E-15         3.67840E-15         3.04441E-15         2.53990E-15         2.13712E-15         1.81446E-15         1.55506E-15         1.34580E-15         1.17644E-15         1.03900E-15         9.27269E-16         8.36392E-16         7.62600E-16         7.02954E-16         6.55177E-16         6.17504E-16         5.88579E-16         5.67374E-16         5.53122E-16         5.45276E-16
