N:
      60
Temperature (K) = 300.00000
Epsilon_r = 40.000000
dmin (nm) = 0.60000000
dmax (nm) = 1000.0000
-----------------------------------------
D:
         6.00000E-10         6.80391E-10         7.71554E-10         8.74932E-10         9.92160E-10         1.12510E-09         1.27584E-09         1.44679E-09         1.64064E-09         1.86046E-09         2.10973E-09         2.39241E-09         2.71295E-09         3.07645E-09         3.48865E-09         3.95608E-09         4.48614E-09         5.08722E-09         5.76884E-09         6.54178E-09         7.41828E-09         8.41223E-09         9.53935E-09         1.08175E-08         1.22669E-08         1.39105E-08         1.57743E-08         1.78878E-08         2.02845E-08         2.30023E-08         2.60843E-08         2.95792E-08         3.35424E-08         3.80366E-08         4.31330E-08         4.89122E-08         5.54658E-08         6.28974E-08         7.13248E-08         8.08813E-08         9.17182E-08         1.04007E-07         1.17943E-07         1.33745E-07         1.51665E-07         1.71986E-07         1.95030E-07         2.21161E-07         2.50794E-07         2.84396E-07         3.22501E-07         3.65712E-07         4.14712E-07         4.70278E-07         5.33288E-07         6.04741E-07         6.85768E-07         7.77651E-07         8.81845E-07         1.00000E-06
W:
         5.17355E-15         4.74267E-15         4.42219E-15         4.18984E-15         4.03016E-15         3.93523E-15         3.90454E-15         3.94381E-15         4.06343E-15         4.27731E-15         4.60227E-15         5.05833E-15         5.66971E-15         6.46617E-15         7.48493E-15         8.77293E-15         1.03896E-14         1.24103E-14         1.49306E-14         1.80718E-14         2.19877E-14         2.68731E-14         3.29753E-14         4.06075E-14         5.01670E-14         6.21572E-14         7.72164E-14         9.61530E-14         1.19990E-13         1.50022E-13         1.87881E-13         2.35625E-13         2.95840E-13         3.71766E-13         4.67439E-13         5.87862E-13         7.39222E-13         9.29148E-13         1.16686E-12         1.46333E-12         1.83166E-12         2.28737E-12         2.84903E-12         3.53985E-12         4.38540E-12         5.40581E-12         6.62019E-12         8.07217E-12         9.83399E-12         1.19615E-11         1.44573E-11         1.72853E-11         2.04634E-11         2.42735E-11         2.92639E-11         3.56035E-11         4.28266E-11         5.14990E-11         6.42200E-11         7.64651E-11
         5.73365E-15         5.16482E-15         4.73451E-15         4.41559E-15         4.18681E-15         4.03397E-15         3.95037E-15         3.93637E-15         3.99810E-15         4.14605E-15         4.39415E-15         4.75944E-15         5.26256E-15         5.92879E-15         6.78955E-15         7.88428E-15         9.26284E-15         1.09884E-14         1.31409E-14         1.58219E-14         1.91598E-14         2.33175E-14         2.85011E-14         3.49717E-14         4.30598E-14         5.31837E-14         6.58730E-14         8.17968E-14         1.01801E-13         1.26952E-13         1.58594E-13         1.98415E-13         2.48528E-13         3.11573E-13         3.90830E-13         4.90345E-13         6.15076E-13         7.71083E-13         9.65723E-13         1.20775E-12         1.50736E-12         1.87652E-12         2.32910E-12         2.88141E-12         3.55356E-12         4.36711E-12         5.33788E-12         6.48051E-12         7.83179E-12         9.45298E-12         1.13889E-11         1.36377E-11         1.61674E-11         1.89957E-11         2.23588E-11         2.66982E-11         3.21267E-11         3.82613E-11         4.55393E-11         5.58670E-11
         6.46195E-15         5.72294E-15         5.15468E-15         4.72552E-15         4.40907E-15         4.18524E-15         4.04103E-15         3.97081E-15         3.97559E-15         4.06175E-15         4.23985E-15         4.52388E-15         4.93122E-15         5.48327E-15         6.20652E-15         7.13418E-15         8.30806E-15         9.78108E-15         1.16202E-14         1.39104E-14         1.67590E-14         2.03019E-14         2.47113E-14         3.02047E-14         3.70570E-14         4.56159E-14         5.63204E-14         6.97246E-14         8.65271E-14         1.07607E-13         1.34069E-13         1.67296E-13         2.09017E-13         2.61377E-13         3.27033E-13         4.09253E-13         5.12020E-13         6.40147E-13         7.99424E-13         9.96768E-13         1.24024E-12         1.53905E-12         1.90376E-12         2.34638E-12         2.88081E-12         3.52399E-12         4.29372E-12         5.20212E-12         6.26032E-12         7.49933E-12         8.97083E-12         1.07108E-11         1.27159E-11         1.49598E-11         1.74606E-11         2.04141E-11         2.41720E-11         2.88096E-11         3.40211E-11         4.01452E-11
         7.39399E-15         6.44852E-15         5.71031E-15         5.14310E-15         4.71581E-15         4.40299E-15         4.18567E-15         4.05199E-15         3.99718E-15         4.02273E-15         4.13518E-15         4.34510E-15         4.66666E-15         5.11769E-15         5.72048E-15         6.50288E-15         7.49999E-15         8.75612E-15         1.03274E-14         1.22847E-14         1.47179E-14         1.77406E-14         2.14962E-14         2.61660E-14         3.19789E-14         3.92235E-14         4.82638E-14         5.95585E-14         7.36840E-14         9.13647E-14         1.13507E-13         1.41245E-13         1.75986E-13         2.19475E-13         2.73862E-13         3.41773E-13         4.26400E-13         5.31575E-13         6.61856E-13         8.22624E-13         1.02019E-12         1.26174E-12         1.55533E-12         1.90999E-12         2.33582E-12         2.84436E-12         3.44965E-12         4.16620E-12         5.00326E-12         5.96948E-12         7.09117E-12         8.41185E-12         9.96082E-12         1.17347E-11         1.37135E-11         1.59155E-11         1.85017E-11         2.17498E-11         2.57106E-11         3.01459E-11
         8.57007E-15         7.37680E-15         6.43254E-15         5.69557E-15         5.13004E-15         4.70558E-15         4.39774E-15         4.18864E-15         4.06743E-15         4.03003E-15         4.07822E-15         4.21864E-15         4.46194E-15         4.82250E-15         5.31877E-15         5.97401E-15         6.81758E-15         7.88656E-15         9.22785E-15         1.09008E-14         1.29805E-14         1.55616E-14         1.87640E-14         2.27385E-14         2.76756E-14         3.38148E-14         4.14580E-14         5.09842E-14         6.28692E-14         7.77086E-14         9.62465E-14         1.19409E-13         1.48343E-13         1.84464E-13         2.29506E-13         2.85578E-13         3.55225E-13         4.41488E-13         5.47961E-13         6.78830E-13         8.38947E-13         1.03388E-12         1.26986E-12         1.55369E-12         1.89289E-12         2.29578E-12         2.77179E-12         3.33251E-12         3.98975E-12         4.75075E-12         5.62260E-12         6.62779E-12         7.80297E-12         9.17224E-12         1.07332E-11         1.24720E-11         1.44067E-11         1.66684E-11         1.94749E-11         2.28615E-11
         1.00367E-14         8.54772E-15         7.35628E-15         6.41371E-15         5.67857E-15         5.11554E-15         4.69508E-15         4.39374E-15         4.19468E-15         4.08790E-15         4.06979E-15         4.14236E-15         4.31228E-15         4.59032E-15         4.99122E-15         5.53412E-15         6.24340E-15         7.14998E-15         8.29302E-15         9.72208E-15         1.14998E-14         1.37053E-14         1.64383E-14         1.98246E-14         2.40224E-14         2.92306E-14         3.56990E-14         4.37409E-14         5.37482E-14         6.62106E-14         8.17374E-14         1.01084E-13         1.25183E-13         1.55180E-13         1.92471E-13         2.38743E-13         2.96021E-13         3.66707E-13         4.53621E-13         5.60027E-13         6.89656E-13         8.46741E-13         1.03605E-12         1.26282E-12         1.53266E-12         1.85174E-12         2.22682E-12         2.66566E-12         3.17782E-12         3.77307E-12         4.45735E-12         5.23682E-12         6.13084E-12         7.17022E-12         8.37507E-12         9.74445E-12         1.12694E-11         1.29679E-11         1.49455E-11         1.73723E-11
         1.18488E-14         1.00074E-14         8.52106E-15         7.33199E-15         6.39171E-15         5.65917E-15         5.09969E-15         4.68460E-15         4.39144E-15         4.20431E-15         4.11384E-15         4.11678E-15         4.21526E-15         4.41600E-15         4.72999E-15         5.17239E-15         5.76314E-15         6.52782E-15         7.49899E-15         8.71792E-15         1.02368E-14         1.21217E-14         1.44555E-14         1.73430E-14         2.09155E-14         2.53379E-14         3.08170E-14         3.76112E-14         4.60433E-14         5.65148E-14         6.95239E-14         8.56861E-14         1.05758E-13         1.30662E-13         1.61521E-13         1.99680E-13         2.46744E-13         3.04604E-13         3.75460E-13         4.61849E-13         5.66642E-13         6.93058E-13         8.44682E-13         1.02549E-12         1.23980E-12         1.49218E-12         1.78766E-12         2.13180E-12         2.53101E-12         2.99335E-12         3.52705E-12         4.13721E-12         4.82947E-12         5.62055E-12         6.53629E-12         7.59363E-12         8.79307E-12         1.01298E-11         1.16208E-11         1.33509E-11
         1.40719E-14         1.18102E-14         9.97247E-15         8.48942E-15         7.30341E-15         6.36622E-15         5.63727E-15         5.08260E-15         4.67445E-15         4.39128E-15         4.21793E-15         4.14555E-15         4.17112E-15         4.29683E-15         4.52953E-15         4.88043E-15         5.36527E-15         6.00484E-15         6.82597E-15         7.86289E-15         9.15901E-15         1.07692E-14         1.27625E-14         1.52258E-14         1.82682E-14         2.20262E-14         2.66707E-14         3.24147E-14         3.95233E-14         4.83254E-14         5.92275E-14         7.27296E-14         8.94434E-14         1.10112E-13         1.35632E-13         1.67073E-13         2.05704E-13         2.53006E-13         3.10691E-13         3.80714E-13         4.65282E-13         5.66847E-13         6.88107E-13         8.32031E-13         1.00189E-12         1.20120E-12         1.43370E-12         1.70355E-12         2.01539E-12         2.37467E-12         2.78824E-12         3.26317E-12         3.80407E-12         4.41620E-12         5.11400E-12         5.91909E-12         6.84586E-12         7.89606E-12         9.06804E-12         1.03776E-11
         1.67846E-14         1.40208E-14         1.17642E-14         9.93102E-15         8.45213E-15         7.27007E-15         6.33697E-15         5.61283E-15         5.06447E-15         4.66497E-15         4.39362E-15         4.23586E-15         4.18319E-15         4.23274E-15         4.38677E-15         4.65228E-15         5.04082E-15         5.56872E-15         6.25772E-15         7.13593E-15         8.23921E-15         9.61303E-15         1.13147E-14         1.34163E-14         1.60082E-14         1.92032E-14         2.31423E-14         2.80007E-14         3.39958E-14         4.13965E-14         5.05334E-14         6.18118E-14         7.57247E-14         9.28681E-14         1.13956E-13         1.39837E-13         1.71506E-13         2.10120E-13         2.57007E-13         3.13669E-13         3.81788E-13         4.63229E-13         5.60032E-13         6.74420E-13         8.08824E-13         9.65925E-13         1.14862E-12         1.36003E-12         1.60365E-12         1.88346E-12         2.20416E-12         2.57169E-12         2.99220E-12         3.46991E-12         4.00981E-12         4.62433E-12         5.33151E-12         6.14366E-12         7.06352E-12         8.09173E-12
         2.00820E-14         1.67172E-14         1.39602E-14         1.17097E-14         9.88214E-15         8.40845E-15         7.23144E-15         6.30369E-15         5.58583E-15         5.04546E-15         4.65645E-15         4.39875E-15         4.25825E-15         4.22669E-15         4.30130E-15         4.48446E-15         4.78334E-15         5.20991E-15         5.78115E-15         6.51973E-15         7.45501E-15         8.62445E-15         1.00754E-14         1.18675E-14         1.40753E-14         1.67920E-14         2.01336E-14         2.42439E-14         2.93009E-14         3.55234E-14         4.31801E-14         5.25980E-14         6.41733E-14         7.83819E-14         9.57906E-14         1.17068E-13         1.42993E-13         1.74465E-13         2.12507E-13         2.58270E-13         3.13033E-13         3.78206E-13         4.55331E-13         5.46084E-13         6.52283E-13         7.75931E-13         9.19255E-13         1.08469E-12         1.27490E-12         1.49290E-12         1.74216E-12         2.02681E-12         2.35203E-12         2.72319E-12         3.14423E-12         3.61985E-12         4.16070E-12         4.78183E-12         5.49385E-12         6.30016E-12
         2.40789E-14         1.99932E-14         1.66374E-14         1.38885E-14         1.16455E-14         9.82485E-15         8.35763E-15         7.18704E-15         6.26616E-15         5.55629E-15         5.02576E-15         4.64911E-15         4.40679E-15         4.28503E-15         4.27573E-15         4.37620E-15         4.58896E-15         4.92142E-15         5.38599E-15         6.00032E-15         6.78800E-15         7.77956E-15         9.01389E-15         1.05400E-14         1.24194E-14         1.47287E-14         1.75630E-14         2.10401E-14         2.53051E-14         3.05360E-14         3.69499E-14         4.48099E-14         5.44331E-14         6.61979E-14         8.05522E-14         9.80202E-14         1.19209E-13         1.44814E-13         1.75619E-13         2.12503E-13         2.56437E-13         3.08485E-13         3.69807E-13         4.41668E-13         5.25446E-13         6.22646E-13         7.34944E-13         8.64234E-13         1.01261E-12         1.18240E-12         1.37624E-12         1.59723E-12         1.84898E-12         2.13604E-12         2.46312E-12         2.83390E-12         3.25274E-12         3.72878E-12         4.27457E-12         4.89926E-12
         2.89138E-14         2.39623E-14         1.98883E-14         1.65432E-14         1.38042E-14         1.15703E-14         9.75807E-15         8.29890E-15         7.13639E-15         6.22418E-15         5.52423E-15         5.00549E-15         4.64304E-15         4.41770E-15         4.31592E-15         4.32970E-15         4.45648E-15         4.69891E-15         5.06472E-15         5.56674E-15         6.22328E-15         7.05875E-15         8.10471E-15         9.40124E-15         1.09986E-14         1.29597E-14         1.53622E-14         1.83022E-14         2.18977E-14         2.62926E-14         3.16619E-14         3.82164E-14         4.62086E-14         5.59381E-14         6.77569E-14         8.20741E-14         9.93602E-14         1.20150E-13         1.45043E-13         1.74706E-13         2.09874E-13         2.51350E-13         3.00007E-13         3.56801E-13         4.22775E-13         4.99080E-13         5.86987E-13         6.87935E-13         8.03570E-13         9.35732E-13         1.08647E-12         1.25815E-12         1.45350E-12         1.67573E-12         1.92880E-12         2.21688E-12         2.54334E-12         2.91225E-12         3.33142E-12         3.81132E-12
         3.47535E-14         2.87609E-14         2.38247E-14         1.97648E-14         1.64326E-14         1.37056E-14         1.14827E-14         9.68073E-15         8.23150E-15         7.07905E-15         6.17759E-15         5.48965E-15         4.98471E-15         4.63820E-15         4.43120E-15         4.35030E-15         4.38763E-15         4.54075E-15         4.81248E-15         5.21085E-15         5.74912E-15         6.44615E-15         7.32705E-15         8.42416E-15         9.77836E-15         1.14407E-14         1.34746E-14         1.59579E-14         1.89861E-14         2.26753E-14         2.71655E-14         3.26251E-14         3.92541E-14         4.72883E-14         5.70028E-14         6.87154E-14         8.27886E-14         9.96316E-14         1.19701E-13         1.43502E-13         1.71589E-13         2.04566E-13         2.43095E-13         2.87896E-13         3.39763E-13         3.99577E-13         4.68319E-13         5.47091E-13         6.37155E-13         7.39961E-13         8.57145E-13         9.90531E-13         1.14223E-12         1.31466E-12         1.51067E-12         1.73372E-12         1.98745E-12         2.27500E-12         2.60008E-12         2.96937E-12
         4.17987E-14         3.45534E-14         2.85808E-14         2.36631E-14         1.96202E-14         1.63036E-14         1.35908E-14         1.13812E-14         9.59174E-15         8.15470E-15         7.01461E-15         6.12621E-15         5.45250E-15         4.96329E-15         4.63427E-15         4.44668E-15         4.38723E-15         4.44815E-15         4.62715E-15         4.92725E-15         5.35673E-15         5.92923E-15         6.66400E-15         7.58663E-15         8.72988E-15         1.01350E-14         1.18530E-14         1.39470E-14         1.64936E-14         1.95859E-14         2.33356E-14         2.78762E-14         3.33653E-14         3.99874E-14         4.79564E-14         5.75176E-14         6.89490E-14         8.25622E-14         9.87034E-14         1.17754E-13         1.40132E-13         1.66293E-13         1.96738E-13         2.32013E-13         2.72725E-13         3.19549E-13         3.73245E-13         4.34669E-13         5.04797E-13         5.84745E-13         6.75807E-13         7.79438E-13         8.97268E-13         1.03118E-12         1.18331E-12         1.35617E-12         1.55279E-12         1.77638E-12         2.02978E-12         2.31640E-12
         5.02909E-14         4.15376E-14         3.43185E-14         2.83700E-14         2.34743E-14         1.94516E-14         1.61536E-14         1.34580E-14         1.12643E-14         9.49001E-15         8.06779E-15         6.94268E-15         6.06984E-15         5.41259E-15         4.94093E-15         4.63070E-15         4.46323E-15         4.42534E-15         4.50940E-15         4.71326E-15         5.04012E-15         5.49848E-15         6.10216E-15         6.87065E-15         7.82965E-15         9.01193E-15         1.04584E-14         1.22193E-14         1.43561E-14         1.69428E-14         2.00680E-14         2.38367E-14         2.83723E-14         3.38186E-14         4.03406E-14         4.81266E-14         5.73885E-14         6.83628E-14         8.13112E-14         9.65210E-14         1.14307E-13         1.35014E-13         1.59021E-13         1.86745E-13         2.18652E-13         2.55263E-13         2.97165E-13         3.45028E-13         3.99612E-13         4.61784E-13         5.32544E-13         6.13042E-13         7.04576E-13         8.08599E-13         9.26777E-13         1.06101E-12         1.21352E-12         1.38692E-12         1.58405E-12         1.80750E-12
         6.05198E-14         4.99507E-14         4.12317E-14         3.40440E-14         2.81242E-14         2.32548E-14         1.92562E-14         1.59803E-14         1.33051E-14         1.11305E-14         9.37451E-15         7.97014E-15         6.86290E-15         6.00822E-15         5.36958E-15         4.91706E-15         4.62656E-15         4.47948E-15         4.46279E-15         4.56897E-15         4.79602E-15         5.14726E-15         5.63126E-15         6.26188E-15         7.05853E-15         8.04663E-15         9.25838E-15         1.07336E-14         1.25207E-14         1.46784E-14         1.72760E-14         2.03960E-14         2.41342E-14         2.86016E-14         3.39250E-14         4.02479E-14         4.77313E-14         5.65538E-14         6.69126E-14         7.90242E-14         9.31261E-14         1.09479E-13         1.28372E-13         1.50124E-13         1.75094E-13         2.03687E-13         2.36358E-13         2.73631E-13         3.16100E-13         3.64444E-13         4.19440E-13         4.81979E-13         5.53084E-13         6.33909E-13         7.25745E-13         8.30070E-13         9.48566E-13         1.08317E-12         1.23619E-12         1.41011E-12
         7.28332E-14         6.00773E-14         4.95531E-14         4.08750E-14         3.37248E-14         2.78392E-14         2.30010E-14         1.90309E-14         1.57812E-14         1.31303E-14         1.09785E-14         9.24428E-15         7.86114E-15         6.77482E-15         5.94091E-15         5.32287E-15         4.89077E-15         4.62052E-15         4.49363E-15         4.49719E-15         4.62384E-15         4.87165E-15         5.24397E-15         5.74926E-15         6.40118E-15         7.21868E-15         8.22644E-15         9.45539E-15         1.09434E-14         1.27362E-14         1.48879E-14         1.74624E-14         2.05336E-14         2.41866E-14         2.85182E-14         3.36372E-14         3.96652E-14         4.67368E-14         5.50003E-14         6.46190E-14         7.57724E-14         8.86588E-14         1.03498E-13         1.20537E-13         1.40053E-13         1.62360E-13         1.87816E-13         2.16828E-13         2.49862E-13         2.87450E-13         3.30200E-13         3.78804E-13         4.34056E-13         4.96863E-13         5.68250E-13         6.49362E-13         7.41504E-13         8.46161E-13         9.65043E-13         1.10016E-12
         8.76476E-14         7.22583E-14         5.95612E-14         4.90906E-14         4.04614E-14         3.33555E-14         2.75104E-14         2.27090E-14         1.87726E-14         1.55538E-14         1.29317E-14         1.08069E-14         9.09844E-15         7.74018E-15         6.67795E-15         5.86729E-15         5.27157E-15         4.86076E-15         4.61080E-15         4.50334E-15         4.52560E-15         4.67033E-15         4.93560E-15         5.32465E-15         5.84565E-15         6.51169E-15         7.34088E-15         8.35659E-15         9.58782E-15         1.10697E-14         1.28440E-14         1.49595E-14         1.74730E-14         2.04491E-14         2.39610E-14         2.80911E-14         3.29307E-14         3.85810E-14         4.51538E-14         5.27720E-14         6.15719E-14         7.17048E-14         8.33397E-14         9.66671E-14         1.11903E-13         1.29291E-13         1.49112E-13         1.71686E-13         1.97377E-13         2.26602E-13         2.59837E-13         2.97623E-13         3.40577E-13         3.89402E-13         4.44904E-13         5.07988E-13         5.79668E-13         6.61099E-13         7.53591E-13         8.58647E-13
         1.05462E-13         8.69017E-14         7.15894E-14         5.89624E-14         4.85554E-14         3.99840E-14         3.29306E-14         2.71330E-14         2.23750E-14         1.84781E-14         1.52958E-14         1.27074E-14         1.06144E-14         8.93617E-15         7.60662E-15         6.57160E-15         5.78647E-15         5.21439E-15         4.82526E-15         4.59510E-15         4.50569E-15         4.54441E-15         4.70404E-15         4.98257E-15         5.38291E-15         5.91269E-15         6.58412E-15         7.41402E-15         8.42391E-15         9.64021E-15         1.10945E-14         1.28239E-14         1.48712E-14         1.72851E-14         2.01210E-14         2.34404E-14         2.73119E-14         3.18117E-14         3.70237E-14         4.30411E-14         4.99677E-14         5.79193E-14         6.70265E-14         7.74370E-14         8.93189E-14         1.02864E-13         1.18291E-13         1.35851E-13         1.55830E-13         1.78555E-13         2.04397E-13         2.33781E-13         2.67189E-13         3.05166E-13         3.48337E-13         3.97414E-13         4.53197E-13         5.16583E-13         5.88593E-13         6.70383E-13
         1.26874E-13         1.04495E-13         8.60357E-14         7.08152E-14         5.82713E-14         4.79395E-14         3.94360E-14         3.24442E-14         2.67024E-14         2.19950E-14         1.81445E-14         1.50048E-14         1.24560E-14         1.04001E-14         8.75668E-15         7.45973E-15         6.45487E-15         5.69717E-15         5.14960E-15         4.78203E-15         4.57058E-15         4.49721E-15         4.54941E-15         4.71996E-15         5.00658E-15         5.41170E-15         5.94210E-15         6.60882E-15         7.42696E-15         8.41572E-15         9.59846E-15         1.10028E-14         1.26606E-14         1.46085E-14         1.68875E-14         1.95439E-14         2.26290E-14         2.61999E-14         3.03201E-14         3.50603E-14         4.04999E-14         4.67281E-14         5.38460E-14         6.19687E-14         7.12277E-14         8.17730E-14         9.37767E-14         1.07435E-13         1.22973E-13         1.40647E-13         1.60747E-13         1.83605E-13         2.09598E-13         2.39152E-13         2.72753E-13         3.10952E-13         3.54378E-13         4.03738E-13         4.59827E-13         5.23546E-13
         1.52596E-13         1.25621E-13         1.03375E-13         8.50358E-14         6.99237E-14         5.74777E-14         4.72342E-14         3.88104E-14         3.18905E-14         2.62138E-14         2.15655E-14         1.77689E-14         1.46788E-14         1.21760E-14         1.01629E-14         8.55913E-15         7.29857E-15         6.32651E-15         5.59771E-15         5.07499E-15         4.72827E-15         4.53384E-15         4.47386E-15         4.53590E-15         4.71260E-15         5.00131E-15         5.40376E-15         5.92570E-15         6.57665E-15         7.36974E-15         8.32157E-15         9.45214E-15         1.07849E-14         1.23468E-14         1.41684E-14         1.62840E-14         1.87320E-14         2.15553E-14         2.48021E-14         2.85262E-14         3.27887E-14         3.76585E-14         4.32143E-14         4.95460E-14         5.67566E-14         6.49637E-14         7.43024E-14         8.49268E-14         9.70131E-14         1.10762E-13         1.26401E-13         1.44190E-13         1.64424E-13         1.87435E-13         2.13601E-13         2.43353E-13         2.77178E-13         3.15631E-13         3.59337E-13         4.09001E-13
         1.83482E-13         1.50975E-13         1.24174E-13         1.02085E-13         8.38871E-14         6.89025E-14         5.65712E-14         4.64309E-14         3.81000E-14         3.12638E-14         2.56626E-14         2.10829E-14         1.73489E-14         1.43162E-14         1.18663E-14         9.90187E-15         8.34256E-15         7.12192E-15         6.18488E-15         5.48592E-15         4.98784E-15         4.66070E-15         4.48105E-15         4.43123E-15         4.49885E-15         4.67634E-15         4.96054E-15         5.35235E-15         5.85629E-15         6.48027E-15         7.23526E-15         8.13520E-15         9.19683E-15         1.04397E-14         1.18862E-14         1.35618E-14         1.54953E-14         1.77188E-14         2.02690E-14         2.31872E-14         2.65203E-14         3.03221E-14         3.46537E-14         3.95857E-14         4.51986E-14         5.15849E-14         5.88505E-14         6.71165E-14         7.65207E-14         8.72205E-14         9.93946E-14         1.13246E-13         1.29004E-13         1.46930E-13         1.67319E-13         1.90506E-13         2.16870E-13         2.46844E-13         2.80917E-13         3.19644E-13
         2.20548E-13         1.81386E-13         1.49106E-13         1.22511E-13         1.00606E-13         8.25745E-14         6.77390E-14         5.55415E-14         4.55212E-14         3.72980E-14         3.05586E-14         2.50448E-14         2.05442E-14         1.68822E-14         1.39154E-14         1.15257E-14         9.61604E-15         8.10581E-15         6.92823E-15         6.02789E-15         5.35919E-15         4.88502E-15         4.57572E-15         4.40814E-15         4.36483E-15         4.43340E-15         4.60601E-15         4.87895E-15         5.25218E-15         5.72899E-15         6.31563E-15         7.02101E-15         7.85657E-15         8.83614E-15         9.97593E-15         1.12947E-14         1.28137E-14         1.45575E-14         1.65538E-14         1.88345E-14         2.14358E-14         2.43995E-14         2.77735E-14         3.16130E-14         3.59812E-14         4.09508E-14         4.66047E-14         5.30378E-14         6.03585E-14         6.86897E-14         7.81713E-14         8.89622E-14         1.01242E-13         1.15215E-13         1.31112E-13         1.49194E-13         1.69758E-13         1.93139E-13         2.19719E-13         2.49933E-13
         2.65008E-13         2.17839E-13         1.78974E-13         1.46963E-13         1.20608E-13         9.89204E-14         8.10825E-14         6.64204E-14         5.43780E-14         4.44965E-14         3.63976E-14         2.97698E-14         2.43564E-14         1.99467E-14         1.63671E-14         1.34752E-14         1.11533E-14         9.30430E-15         7.84742E-15         6.71555E-15         5.85311E-15         5.21459E-15         4.76317E-15         4.46962E-15         4.31115E-15         4.27055E-15         4.33544E-15         4.49770E-15         4.75306E-15         5.10061E-15         5.54246E-15         6.08336E-15         6.73042E-15         7.49296E-15         8.38244E-15         9.41243E-15         1.05988E-14         1.19600E-14         1.35171E-14         1.52947E-14         1.73209E-14         1.96283E-14         2.22544E-14         2.52423E-14         2.86417E-14         3.25094E-14         3.69106E-14         4.19198E-14         4.76216E-14         5.41125E-14         6.15020E-14         6.99144E-14         7.94903E-14         9.03894E-14         1.02792E-13         1.16903E-13         1.32953E-13         1.51205E-13         1.71957E-13         1.95546E-13
         3.18303E-13         2.61506E-13         2.14727E-13         1.76213E-13         1.44517E-13         1.18444E-13         9.70084E-14         7.93953E-14         6.49339E-14         5.30706E-14         4.33488E-14         3.53927E-14         2.88928E-14         2.35944E-14         1.92882E-14         1.58022E-14         1.29945E-14         1.07480E-14         8.96539E-15         7.56570E-15         6.48169E-15         5.65789E-15         5.04912E-15         4.61907E-15         4.33908E-15         4.18683E-15         4.14540E-15         4.20244E-15         4.34964E-15         4.58225E-15         4.89863E-15         5.29990E-15         5.78957E-15         6.37334E-15         7.05887E-15         7.85581E-15         8.77578E-15         9.83257E-15         1.10423E-14         1.24239E-14         1.39991E-14         1.57933E-14         1.78358E-14         2.01604E-14         2.28059E-14         2.58171E-14         2.92449E-14         3.31475E-14         3.75915E-14         4.26523E-14         4.84156E-14         5.49786E-14         6.24515E-14         7.09593E-14         8.06431E-14         9.16629E-14         1.04200E-13         1.18459E-13         1.34673E-13         1.53105E-13
         3.82151E-13         3.13782E-13         2.57495E-13         2.11174E-13         1.73071E-13         1.41741E-13         1.15996E-13         9.48511E-14         7.74976E-14         6.32672E-14         5.16094E-14         4.20706E-14         3.42777E-14         2.79236E-14         2.27559E-14         1.85671E-14         1.51864E-14         1.24726E-14         1.03089E-14         8.59800E-15         7.25888E-15         6.22448E-15         5.43976E-15         4.86017E-15         4.45017E-15         4.18180E-15         4.03333E-15         3.98821E-15         4.03423E-15         4.16300E-15         4.36944E-15         4.65139E-15         5.00923E-15         5.44559E-15         5.96509E-15         6.57420E-15         7.28125E-15         8.09642E-15         9.03192E-15         1.01022E-14         1.13241E-14         1.27174E-14         1.43050E-14         1.61132E-14         1.81724E-14         2.05177E-14         2.31888E-14         2.62316E-14         2.96979E-14         3.36468E-14         3.81455E-14         4.32701E-14         4.91069E-14         5.57535E-14         6.33207E-14         7.19338E-14         8.17347E-14         9.28837E-14         1.05563E-13         1.19979E-13
         4.58589E-13         3.76314E-13         3.08611E-13         2.52922E-13         2.07136E-13         1.69510E-13         1.38605E-13         1.13238E-13         9.24294E-14         7.53741E-14         6.14083E-14         4.99853E-14         4.06552E-14         3.30479E-14         2.68593E-14         2.18395E-14         1.77826E-14         1.45192E-14         1.19090E-14         9.83529E-15         8.20099E-15         6.92547E-15         5.94220E-15         5.19695E-15         4.64617E-15         4.25528E-15         3.99720E-15         3.85090E-15         3.80033E-15         3.83355E-15         3.94223E-15         4.12117E-15         4.36791E-15         4.68237E-15         5.06656E-15         5.52436E-15         6.06139E-15         6.68500E-15         7.40425E-15         8.23012E-15         9.17559E-15         1.02559E-14         1.14889E-14         1.28951E-14         1.44982E-14         1.63256E-14         1.84085E-14         2.07827E-14         2.34887E-14         2.65729E-14         3.00877E-14         3.40929E-14         3.86560E-14         4.38535E-14         4.97722E-14         5.65104E-14         6.41792E-14         7.29046E-14         8.28289E-14         9.41138E-14
         5.50031E-13         4.51054E-13         3.69650E-13         3.02727E-13         2.47735E-13         2.02569E-13         1.65495E-13         1.35081E-13         1.10148E-13         8.97247E-14         7.30103E-14         5.93462E-14         4.81904E-14         3.90970E-14         3.16999E-14         2.56981E-14         2.08443E-14         1.69347E-14         1.38011E-14         1.13039E-14         9.32699E-15         7.77396E-15         6.56488E-15         5.63427E-15         4.92916E-15         4.40725E-15         4.03520E-15         3.78695E-15         3.64231E-15         3.58584E-15         3.60602E-15         3.69477E-15         3.84693E-15         4.05995E-15         4.33350E-15         4.66921E-15         5.07044E-15         5.54217E-15         6.09096E-15         6.72499E-15         7.45413E-15         8.29009E-15         9.24663E-15         1.03397E-14         1.15879E-14         1.30124E-14         1.46377E-14         1.64916E-14         1.86061E-14         2.10172E-14         2.37661E-14         2.68997E-14         3.04707E-14         3.45393E-14         3.91734E-14         4.44502E-14         5.04569E-14         5.72923E-14         6.50682E-14         7.39114E-14
         6.59330E-13         5.40304E-13         4.42465E-13         3.62078E-13         2.96062E-13         2.41877E-13         1.97428E-13         1.60990E-13         1.31139E-13         1.06703E-13         8.67193E-14         7.03929E-14         5.70714E-14         4.62182E-14         3.73924E-14         3.02321E-14         2.44400E-14         1.97714E-14         1.60248E-14         1.30334E-14         1.06586E-14         8.78520E-15         7.31790E-15         6.17813E-15         5.30198E-15         4.63811E-15         4.14580E-15         3.79312E-15         3.55520E-15         3.41281E-15         3.35124E-15         3.35956E-15         3.43004E-15         3.55776E-15         3.74023E-15         3.97702E-15         4.26950E-15         4.62066E-15         5.03496E-15         5.51831E-15         6.07805E-15         6.72310E-15         7.46400E-15         8.31311E-15         9.28477E-15         1.03955E-14         1.16645E-14         1.31134E-14         1.47671E-14         1.66540E-14         1.88062E-14         2.12605E-14         2.40584E-14         2.72469E-14         3.08794E-14         3.50165E-14         3.97266E-14         4.50875E-14         5.11871E-14         5.81247E-14
         7.89854E-13         6.46773E-13         5.29231E-13         4.32718E-13         3.53512E-13         2.88546E-13         2.35293E-13         1.91668E-13         1.55958E-13         1.26750E-13         1.02882E-13         8.33973E-14         6.75109E-14         5.45769E-14         4.40651E-14         3.55404E-14         2.86457E-14         2.30875E-14         1.86243E-14         1.50568E-14         1.22199E-14         9.97655E-15         8.21313E-15         6.83600E-15         5.76858E-15         4.94901E-15         4.32798E-15         3.86660E-15         3.53452E-15         3.30822E-15         3.16952E-15         3.10459E-15         3.10320E-15         3.15811E-15         3.26475E-15         3.42076E-15         3.62572E-15         3.88083E-15         4.18876E-15         4.55354E-15         4.98046E-15         5.47615E-15         6.04862E-15         6.70732E-15         7.46335E-15         8.32955E-15         9.32073E-15         1.04539E-14         1.17485E-14         1.32267E-14         1.49137E-14         1.68383E-14         1.90330E-14         2.15350E-14         2.43860E-14         2.76336E-14         3.13318E-14         3.55416E-14         4.03322E-14         4.57819E-14
         9.45559E-13         7.73636E-13         6.32493E-13         5.16681E-13         4.21706E-13         3.43866E-13         2.80109E-13         2.27925E-13         1.85245E-13         1.50366E-13         1.21890E-13         9.86657E-14         7.97469E-14         6.43575E-14         5.18601E-14         4.17321E-14         3.35447E-14         2.69461E-14         2.16472E-14         1.74100E-14         1.40376E-14         1.13673E-14         9.26414E-15         7.61685E-15         6.33421E-15         5.34222E-15         4.58154E-15         4.00521E-15         3.57640E-15         3.26653E-15         3.05351E-15         2.92040E-15         2.85434E-15         2.84586E-15         2.88836E-15         2.97762E-15         3.11151E-15         3.28964E-15         3.51308E-15         3.78425E-15         4.10676E-15         4.48537E-15         4.92603E-15         5.43593E-15         6.02355E-15         6.69882E-15         7.47322E-15         8.35999E-15         9.37432E-15         1.05336E-14         1.18575E-14         1.33686E-14         1.50926E-14         1.70584E-14         1.92991E-14         2.18522E-14         2.47599E-14         2.80705E-14         3.18384E-14         3.61253E-14
         1.13108E-12         9.24601E-13         7.55209E-13         6.16322E-13         5.02515E-13         4.09317E-13         3.33049E-13         2.70681E-13         2.19720E-13         1.78117E-13         1.44185E-13         1.16539E-13         9.40428E-14         7.57624E-14         6.09324E-14         4.89253E-14         3.92266E-14         3.14150E-14         2.51445E-14         2.01309E-14         1.61400E-14         1.29783E-14         1.04859E-14         8.53107E-15         7.00552E-15         5.82127E-15         4.90747E-15         4.20776E-15         3.67780E-15         3.28308E-15         2.99692E-15         2.79884E-15         2.67320E-15         2.60824E-15         2.59533E-15         2.62848E-15         2.70393E-15         2.81977E-15         2.97565E-15         3.17256E-15         3.41267E-15         3.69922E-15         4.03651E-15         4.42986E-15         4.88571E-15         5.41168E-15         6.01664E-15         6.71087E-15         7.50622E-15         8.41625E-15         9.45647E-15         1.06445E-14         1.20006E-14         1.35475E-14         1.53113E-14         1.73214E-14         1.96113E-14         2.22189E-14         2.51871E-14         2.85647E-14
         1.35183E-12         1.10398E-12         9.00807E-13         7.34360E-13         5.98086E-13         4.86594E-13         3.95442E-13         3.20977E-13         2.60197E-13         2.10632E-13         1.70253E-13         1.37393E-13         1.10687E-13         8.90116E-14         7.14491E-14         5.72463E-14         4.57867E-14         3.65657E-14         2.91698E-14         2.32598E-14         1.85569E-14         1.48317E-14         1.18948E-14         9.59029E-15         7.79044E-15         6.39104E-15         5.30802E-15         4.47427E-15         3.83679E-15         3.35420E-15         2.99448E-15         2.73305E-15         2.55116E-15         2.43456E-15         2.37261E-15         2.35758E-15         2.38410E-15         2.44885E-15         2.55015E-15         2.68772E-15         2.86247E-15         3.07634E-15         3.33227E-15         3.63410E-15         3.98663E-15         4.39563E-15         4.86792E-15         5.41146E-15         6.03547E-15         6.75054E-15         7.56882E-15         8.50419E-15         9.57249E-15         1.07917E-14         1.21824E-14         1.37677E-14         1.55741E-14         1.76316E-14         1.99741E-14         2.26401E-14
         1.61407E-12         1.31675E-12         1.07323E-12         8.73903E-13         7.10868E-13         5.77613E-13         4.68785E-13         3.79979E-13         3.07578E-13         2.48608E-13         2.00629E-13         1.61636E-13         1.29989E-13         1.04340E-13         8.35874E-14         6.68283E-14         5.33245E-14         4.24725E-14         3.37784E-14         2.68378E-14         2.13192E-14         1.69505E-14         1.35078E-14         1.08072E-14         8.69805E-15         7.05766E-15         5.78680E-15         4.80612E-15         4.05274E-15         3.47747E-15         3.04215E-15         2.71748E-15         2.48110E-15         2.31604E-15         2.20951E-15         2.15201E-15         2.13666E-15         2.15874E-15         2.21533E-15         2.30498E-15         2.42747E-15         2.58365E-15         2.77528E-15         3.00500E-15         3.27629E-15         3.59344E-15         3.96164E-15         4.38703E-15         4.87676E-15         5.43908E-15         6.08351E-15         6.82096E-15         7.66388E-15         8.62648E-15         9.72492E-15         1.09776E-14         1.24054E-14         1.40320E-14         1.58843E-14         1.79929E-14
         1.92504E-12         1.56862E-12         1.27697E-12         1.03848E-12         8.43619E-13         6.84526E-13         5.54747E-13         4.48975E-13         3.62853E-13         2.92803E-13         2.35890E-13         1.89707E-13         1.52280E-13         1.21996E-13         9.75326E-14         7.78091E-14         6.19425E-14         4.92115E-14         3.90268E-14         3.09071E-14         2.44585E-14         1.93585E-14         1.53430E-14         1.21953E-14         9.73846E-15         7.82840E-15         6.34867E-15         5.20599E-15         4.32640E-15         3.65184E-15         3.13723E-15         2.74789E-15         2.45736E-15         2.24557E-15         2.09736E-15         2.00138E-15         1.94922E-15         1.93485E-15         1.95413E-15         2.00452E-15         2.08480E-15         2.19481E-15         2.33533E-15         2.50799E-15         2.71516E-15         2.95999E-15         3.24634E-15         3.57891E-15         3.96320E-15         4.40564E-15         4.91369E-15         5.49590E-15         6.16208E-15         6.92344E-15         7.79277E-15         8.78461E-15         9.91553E-15         1.12043E-14         1.26723E-14         1.43437E-14
         2.29301E-12         1.86610E-12         1.51712E-12         1.23207E-12         9.99426E-13         8.09719E-13         6.55165E-13         5.29373E-13         4.27097E-13         3.44033E-13         2.76652E-13         2.22065E-13         1.77905E-13         1.42236E-13         1.13475E-13         9.03297E-14         7.17448E-14         5.68597E-14         4.49723E-14         3.55104E-14         2.80068E-14         2.20802E-14         1.74191E-14         1.37691E-14         1.09228E-14         8.71163E-15         6.99963E-15         5.67785E-15         4.65982E-15         3.87761E-15         3.27839E-15         2.82145E-15         2.47572E-15         2.21760E-15         2.02928E-15         1.89739E-15         1.81193E-15         1.76555E-15         1.75296E-15         1.77060E-15         1.81627E-15         1.88894E-15         1.98852E-15         2.11575E-15         2.27211E-15         2.45977E-15         2.68157E-15         2.94103E-15         3.24236E-15         3.59055E-15         3.99141E-15         4.45165E-15         4.97902E-15         5.58235E-15         6.27178E-15         7.05884E-15         7.95667E-15         8.98020E-15         1.01464E-14         1.14745E-14
         2.72736E-12         2.21650E-12         1.79938E-12         1.45907E-12         1.18169E-12         9.55802E-13         7.72033E-13         6.22688E-13         5.01453E-13         4.03156E-13         3.23559E-13         2.59192E-13         2.07219E-13         1.65322E-13         1.31608E-13         1.04532E-13         8.28361E-14         6.54945E-14         5.16726E-14         4.06911E-14         3.19972E-14         2.51410E-14         1.97560E-14         1.55442E-14         1.22632E-14         9.71680E-15         7.74685E-15         6.22681E-15         5.05629E-15         4.15637E-15         3.46563E-15         2.93670E-15         2.53333E-15         2.22802E-15         1.99996E-15         1.83354E-15         1.71702E-15         1.64168E-15         1.60112E-15         1.59077E-15         1.60754E-15         1.64957E-15         1.71598E-15         1.80675E-15         1.92259E-15         2.06487E-15         2.23557E-15         2.43726E-15         2.67315E-15         2.94706E-15         3.26350E-15         3.62776E-15         4.04590E-15         4.52493E-15         5.07288E-15         5.69891E-15         6.41347E-15         7.22846E-15         8.15739E-15         9.21562E-15
         3.23861E-12         2.62800E-12         2.13005E-12         1.72434E-12         1.39411E-12         1.12559E-12         9.07484E-13         7.30525E-13         5.87125E-13         4.71070E-13         3.77273E-13         3.01576E-13         2.40582E-13         1.91519E-13         1.52125E-13         1.20559E-13         9.53215E-14         7.51940E-14         5.91860E-14         4.64935E-14         3.64638E-14         2.85674E-14         2.23746E-14         1.75372E-14         1.37731E-14         1.08545E-14         8.59861E-15         6.85913E-15         5.52024E-15         4.49090E-15         3.70020E-15         3.09343E-15         2.62868E-15         2.27408E-15         2.00553E-15         1.80486E-15         1.65845E-15         1.55610E-15         1.49022E-15         1.45529E-15         1.44734E-15         1.46374E-15         1.50288E-15         1.56407E-15         1.64733E-15         1.75335E-15         1.88340E-15         2.03929E-15         2.22338E-15         2.43858E-15         2.68839E-15         2.97691E-15         3.30894E-15         3.69001E-15         4.12649E-15         4.62567E-15         5.19589E-15         5.84663E-15         6.58870E-15         7.43440E-15
         3.83843E-12         3.10957E-12         2.51601E-12         2.03311E-12         1.64067E-12         1.32209E-12         1.06376E-12         8.54558E-13         6.85354E-13         5.48690E-13         4.38469E-13         3.49712E-13         2.78356E-13         2.21091E-13         1.75221E-13         1.38553E-13         1.09307E-13         8.60378E-14         6.75731E-14         5.29641E-14         4.14429E-14         3.23882E-14         2.52980E-14         1.97667E-14         1.54673E-14         1.21368E-14         9.56444E-15         7.58221E-15         6.05721E-15         4.88505E-15         3.98444E-15         3.29261E-15         2.76145E-15         2.35430E-15         2.04340E-15         1.80778E-15         1.63168E-15         1.50329E-15         1.41377E-15         1.35656E-15         1.32687E-15         1.32131E-15         1.33762E-15         1.37444E-15         1.43121E-15         1.50802E-15         1.60552E-15         1.72489E-15         1.86782E-15         2.03647E-15         2.23351E-15         2.46213E-15         2.72610E-15         3.02979E-15         3.37825E-15         3.77731E-15         4.23360E-15         4.75474E-15         5.34938E-15         6.02739E-15
         4.53960E-12         3.67095E-12         2.96464E-12         2.39097E-12         1.92555E-12         1.54841E-12         1.24319E-12         9.96503E-13         7.97402E-13         6.36943E-13         5.07824E-13         4.04094E-13         3.20902E-13         2.54303E-13         2.01090E-13         1.58660E-13         1.24903E-13         9.81092E-14         7.68981E-14         6.01532E-14         4.69742E-14         3.66351E-14         2.85515E-14         2.22532E-14         1.73627E-14         1.35772E-14         1.06552E-14         8.40465E-15         6.67381E-15         5.34371E-15         4.32172E-15         3.53625E-15         2.93241E-15         2.46830E-15         2.11214E-15         1.83990E-15         1.63344E-15         1.47914E-15         1.36679E-15         1.28874E-15         1.23933E-15         1.21443E-15         1.21114E-15         1.22751E-15         1.26241E-15         1.31540E-15         1.38661E-15         1.47668E-15         1.58671E-15         1.71828E-15         1.87338E-15         2.05447E-15         2.26449E-15         2.50689E-15         2.78568E-15         3.10550E-15         3.47169E-15         3.89033E-15         4.36840E-15         4.91381E-15
         5.35587E-12         4.32255E-12         3.48379E-12         2.80376E-12         2.25310E-12         1.80778E-12         1.44814E-12         1.15810E-12         9.24541E-13         7.36755E-13         5.86015E-13         4.65217E-13         3.68584E-13         2.91425E-13         2.29934E-13         1.81032E-13         1.42224E-13         1.11498E-13         8.72315E-14         6.81167E-14         5.31024E-14         4.13441E-14         3.21644E-14         2.50206E-14         1.94783E-14         1.51912E-14         1.18834E-14         9.33635E-15         7.37782E-15         5.87283E-15         4.71637E-15         3.82728E-15         3.14324E-15         2.61667E-15         2.21136E-15         1.89990E-15         1.66156E-15         1.48072E-15         1.34560E-15         1.24739E-15         1.17949E-15         1.13702E-15         1.11642E-15         1.11520E-15         1.13170E-15         1.16498E-15         1.21470E-15         1.28103E-15         1.36460E-15         1.46646E-15         1.58807E-15         1.73128E-15         1.89837E-15         2.09206E-15         2.31554E-15         2.57249E-15         2.86721E-15         3.20458E-15         3.59023E-15         4.03055E-15
         6.30186E-12         5.07531E-12         4.08159E-12         3.27752E-12         2.62778E-12         2.10347E-12         1.68100E-12         1.34109E-12         1.06804E-12         8.49057E-13         6.73723E-13         5.33583E-13         4.21775E-13         3.32736E-13         2.61967E-13         2.05832E-13         1.61398E-13         1.26305E-13         9.86535E-14         7.69188E-14         5.98792E-14         4.65570E-14         3.61705E-14         2.80959E-14         2.18364E-14         1.69966E-14         1.32633E-14         1.03887E-14         8.17824E-15         6.47938E-15         5.17368E-15         4.16953E-15         3.39654E-15         2.80088E-15         2.34155E-15         1.98740E-15         1.71486E-15         1.50607E-15         1.34757E-15         1.22922E-15         1.14341E-15         1.08443E-15         1.04808E-15         1.03130E-15         1.03192E-15         1.04857E-15         1.08045E-15         1.12732E-15         1.18939E-15         1.26727E-15         1.36196E-15         1.47483E-15         1.60763E-15         1.76245E-15         1.94184E-15         2.14875E-15         2.38659E-15         2.65933E-15         2.97150E-15         3.32829E-15
         7.39282E-12         5.94055E-12         4.76639E-12         3.81839E-12         3.05407E-12         2.43876E-12         1.94417E-12         1.54723E-12         1.22919E-12         9.74791E-13         7.71646E-13         6.09716E-13         4.80870E-13         3.78540E-13         2.97422E-13         2.33244E-13         1.82572E-13         1.42647E-13         1.11258E-13         8.66348E-14         6.73655E-14         5.23228E-14         4.06092E-14         3.15112E-14         2.44624E-14         1.90140E-14         1.48113E-14         1.15749E-14         9.08544E-15         7.17150E-15         5.69991E-15         4.56770E-15         3.69568E-15         3.02320E-15         2.50398E-15         2.10281E-15         1.79295E-15         1.55413E-15         1.37099E-15         1.23193E-15         1.12818E-15         1.05318E-15         1.00201E-15         9.71013E-16         9.57564E-16         9.59821E-16         9.76598E-16         1.00726E-15         1.05163E-15         1.10996E-15         1.18285E-15         1.27126E-15         1.37649E-15         1.50016E-15         1.64426E-15         1.81115E-15         2.00358E-15         2.22473E-15         2.47829E-15         2.76845E-15
         8.64447E-12         6.92984E-12         5.54670E-12         4.43258E-12         3.53652E-12         2.81696E-12         2.24006E-12         1.77829E-12         1.40930E-12         1.11494E-12         8.80525E-13         6.94178E-13         5.46306E-13         4.29176E-13         3.36568E-13         2.63484E-13         2.05917E-13         1.60662E-13         1.25155E-13         9.73542E-14         7.56332E-14         5.86994E-14         4.55271E-14         3.53036E-14         2.73861E-14         2.12670E-14         1.65464E-14         1.29099E-14         1.01113E-14         7.95855E-15         6.30237E-15         5.02742E-15         4.04487E-15         3.28664E-15         2.70067E-15         2.24726E-15         1.89623E-15         1.62459E-15         1.41492E-15         1.25399E-15         1.13177E-15         1.04071E-15         9.75114E-16         9.30723E-16         9.04393E-16         8.93850E-16         8.97520E-16         9.14402E-16         9.43981E-16         9.86158E-16         1.04120E-15         1.10972E-15         1.19264E-15         1.29118E-15         1.40689E-15         1.54164E-15         1.69762E-15         1.87743E-15         2.08403E-15         2.32087E-15
         1.00728E-11         8.05490E-12         6.43107E-12         5.12636E-12         4.07971E-12         3.24145E-12         2.57118E-12         2.03614E-12         1.60976E-12         1.27056E-12         1.00118E-12         7.87607E-13         6.18582E-13         4.85043E-13         3.79723E-13         2.96805E-13         2.31638E-13         1.80513E-13         1.40478E-13         1.09184E-13         8.47679E-14         6.57553E-14         5.09787E-14         3.95166E-14         3.06421E-14         2.37832E-14         1.84904E-14         1.44110E-14         1.12696E-14         8.85130E-15         6.98950E-15         5.55521E-15         4.44911E-15         3.59493E-15         2.93428E-15         2.42254E-15         2.02569E-15         1.71779E-15         1.47910E-15         1.29459E-15         1.15285E-15         1.04523E-15         9.65157E-16         9.07714E-16         8.69209E-16         8.46922E-16         8.38893E-16         8.43774E-16         8.60727E-16         8.89341E-16         9.29583E-16         9.81749E-16         1.04644E-15         1.12456E-15         1.21727E-15         1.32604E-15         1.45264E-15         1.59914E-15         1.76797E-15         1.96192E-15
         1.16941E-11         9.32762E-12         7.42821E-12         5.90611E-12         4.68837E-12         3.71573E-12         2.94016E-12         2.32276E-12         1.83212E-12         1.44285E-12         1.13453E-12         8.90743E-13         6.98289E-13         5.46613E-13         4.27267E-13         3.33513E-13         2.59980E-13         2.02401E-13         1.57385E-13         1.22250E-13         9.48709E-14         7.35711E-14         5.70282E-14         4.42009E-14         3.42706E-14         2.65943E-14         2.06682E-14         1.60979E-14         1.25757E-14         9.86207E-15         7.77097E-15         6.15867E-15         4.91428E-15         3.95257E-15         3.20817E-15         2.63105E-15         2.18295E-15         1.83464E-15         1.56384E-15         1.35353E-15         1.19074E-15         1.06559E-15         9.70576E-16         9.00018E-16         8.49632E-16         8.16219E-16         7.97422E-16         7.91553E-16         7.97462E-16         8.14450E-16         8.42200E-16         8.80735E-16         9.30378E-16         9.91731E-16         1.06566E-15         1.15330E-15         1.25605E-15         1.37557E-15         1.51383E-15         1.67313E-15
         1.35248E-11         1.07602E-11         8.54712E-12         6.77854E-12         5.36751E-12         4.24362E-12         3.34991E-12         2.64044E-12         2.07813E-12         1.63320E-12         1.28171E-12         1.00447E-12         7.86138E-13         6.14456E-13         4.79658E-13         3.73976E-13         2.91240E-13         2.26560E-13         1.76066E-13         1.36704E-13         1.06062E-13         8.22414E-14         6.37501E-14         4.94155E-14         3.83178E-14         2.97368E-14         2.31087E-14         1.79934E-14         1.40478E-14         1.10049E-14         8.65788E-15         6.84648E-15         5.44716E-15         4.36481E-15         3.52637E-15         2.87579E-15         2.37016E-15         1.97661E-15         1.67001E-15         1.43113E-15         1.24527E-15         1.10122E-15         9.90390E-16         9.06278E-16         8.43939E-16         7.99648E-16         7.70626E-16         7.54832E-16         7.50809E-16         7.57582E-16         7.74571E-16         8.01546E-16         8.38578E-16         8.86015E-16         9.44457E-16         1.01475E-15         1.09799E-15         1.19550E-15         1.30889E-15         1.44002E-15
         1.55823E-11         1.23653E-11         9.79740E-12         7.75092E-12         6.12272E-12         4.82942E-12         3.80381E-12         2.99180E-12         2.34991E-12         1.84329E-12         1.44404E-12         1.12986E-12         8.82988E-13         6.89263E-13         5.37451E-13         4.18638E-13         3.25770E-13         2.53272E-13         1.96744E-13         1.52722E-13         1.18480E-13         9.18764E-14         7.12313E-14         5.52285E-14         4.28375E-14         3.32527E-14         2.58449E-14         2.01233E-14         1.57060E-14         1.22959E-14         9.66287E-15         7.62862E-15         6.05560E-15         4.83779E-15         3.89362E-15         3.16041E-15         2.59005E-15         2.14566E-15         1.79893E-15         1.52817E-15         1.31678E-15         1.15201E-15         1.02411E-15         9.25656E-16         8.50956E-16         7.95710E-16         7.56672E-16         7.31427E-16         7.18204E-16         7.15751E-16         7.23242E-16         7.40207E-16         7.66486E-16         8.02197E-16         8.47708E-16         9.03620E-16         9.70762E-16         1.05018E-15         1.14317E-15         1.25125E-15
         1.78848E-11         1.41570E-11         1.11897E-11         8.83145E-12         6.96035E-12         5.47814E-12         4.30581E-12         3.38000E-12         2.64997E-12         2.07514E-12         1.62315E-12         1.26822E-12         9.89880E-13         7.71866E-13         6.01307E-13         4.68026E-13         3.63991E-13         2.82870E-13         2.19682E-13         1.70512E-13         1.32289E-13         1.02604E-13         7.95722E-14         6.17187E-14         4.78913E-14         3.71904E-14         2.89146E-14         2.25174E-14         1.75738E-14         1.37534E-14         1.08004E-14         8.51644E-15         6.74853E-15         5.37853E-15         4.31542E-15         3.48916E-15         2.84591E-15         2.34425E-15         1.95239E-15         1.64589E-15         1.40599E-15         1.21828E-15         1.07170E-15         9.57758E-16         8.69973E-16         8.03392E-16         7.54255E-16         7.19736E-16         6.97727E-16         6.86698E-16         6.85574E-16         6.93658E-16         7.10576E-16         7.36234E-16         7.70787E-16         8.14621E-16         8.68338E-16         9.32749E-16         1.00887E-15         1.09794E-15
         2.04528E-11         1.61510E-11         1.27361E-11         1.00297E-11         7.88797E-12         6.19577E-12         4.86069E-12         3.80888E-12         2.98137E-12         2.33119E-12         1.82099E-12         1.42111E-12         1.10806E-12         8.63256E-13         6.72015E-13         5.22764E-13         4.06393E-13         3.15741E-13         2.45184E-13         1.90313E-13         1.47677E-13         1.14572E-13         8.88884E-14         6.89765E-14         5.35498E-14         4.16052E-14         3.23612E-14         2.52096E-14         1.96777E-14         1.53983E-14         1.20868E-14         9.52293E-15         7.53620E-15         5.99509E-15         4.79812E-15         3.86704E-15         3.14160E-15         2.57538E-15         2.13266E-15         1.78595E-15         1.51407E-15         1.30076E-15         1.13347E-15         1.00258E-15         9.00677E-16         8.22097E-16         7.62508E-16         7.18626E-16         6.87981E-16         6.68740E-16         6.59575E-16         6.59570E-16         6.68141E-16         6.84997E-16         7.10101E-16         7.43641E-16         7.86020E-16         8.37836E-16         8.99884E-16         9.73154E-16
         2.33096E-11         1.83655E-11         1.44512E-11         1.13570E-11         8.91464E-12         6.98955E-12         5.47424E-12         4.28305E-12         3.34781E-12         2.61440E-12         2.03992E-12         1.59040E-12         1.23902E-12         9.64610E-13         7.50502E-13         5.83583E-13         4.53554E-13         3.52338E-13         2.73605E-13         2.12404E-13         1.64860E-13         1.27950E-13         9.93126E-14         7.71057E-14         5.98942E-14         4.65604E-14         3.62342E-14         2.82387E-14         2.20482E-14         1.72545E-14         1.35411E-14         1.06628E-14         8.43025E-15         6.69670E-15         5.34900E-15         4.29978E-15         3.48164E-15         2.84256E-15         2.34246E-15         1.95040E-15         1.64254E-15         1.40051E-15         1.21013E-15         1.06047E-15         9.43110E-16         8.51588E-16         7.80936E-16         7.27360E-16         6.87987E-16         6.60655E-16         6.43771E-16         6.36187E-16         6.37120E-16         6.46090E-16         6.62876E-16         6.87489E-16         7.20147E-16         7.61262E-16         8.11432E-16         8.71436E-16
         2.64828E-11         2.08222E-11         1.63521E-11         1.28272E-11         1.00513E-11         7.86822E-12         6.15342E-12         4.80806E-12         3.75371E-12         2.92829E-12         2.28273E-12         1.77831E-12         1.38450E-12         1.07731E-12         8.37854E-13         6.51334E-13         5.06140E-13         3.93182E-13         3.05355E-13         2.37102E-13         1.84090E-13         1.42934E-13         1.10997E-13         8.62248E-14         6.70171E-14         5.21285E-14         4.05901E-14         3.16489E-14         2.47199E-14         1.93491E-14         1.51844E-14         1.19531E-14         9.44399E-15         7.49385E-15         5.97638E-15         4.79398E-15         3.87124E-15         3.14991E-15         2.58501E-15         2.14176E-15         1.79332E-15         1.51897E-15         1.30268E-15         1.13209E-15         9.97631E-16         8.91950E-16         8.09369E-16         7.45534E-16         6.97120E-16         6.61605E-16         6.37101E-16         6.22220E-16         6.15973E-16         6.17694E-16         6.26990E-16         6.43702E-16         6.67882E-16         6.99771E-16         7.39791E-16         7.88535E-16
         3.00054E-11         2.35475E-11         1.84598E-11         1.44568E-11         1.13112E-11         8.84229E-12         6.90660E-12         5.39056E-12         4.20434E-12         3.27702E-12         2.55272E-12         1.98742E-12         1.54655E-12         1.20295E-12         9.35327E-13         7.27002E-13         5.64919E-13         4.38875E-13         3.40900E-13         2.64775E-13         2.05650E-13         1.59744E-13         1.24115E-13         9.64695E-14         7.50244E-14         5.83920E-14         4.54935E-14         3.54907E-14         2.77324E-14         2.17132E-14         1.70412E-14         1.34128E-14         1.05926E-14         8.39855E-15         6.68975E-15         5.35715E-15         4.31638E-15         3.50218E-15         2.86406E-15         2.36298E-15         1.96873E-15         1.65792E-15         1.41248E-15         1.21841E-15         1.06489E-15         9.43554E-16         8.47931E-16         7.73042E-16         7.15060E-16         6.71065E-16         6.38845E-16         6.16750E-16         6.03570E-16         5.98453E-16         6.00836E-16         6.10400E-16         6.27039E-16         6.50839E-16         6.82059E-16         7.21127E-16
         3.39171E-11         2.65728E-11         2.07993E-11         1.62659E-11         1.27102E-11         9.92431E-12         7.74369E-12         6.03837E-12         4.70586E-12         3.66546E-12         2.85370E-12         2.22075E-12         1.72752E-12         1.34339E-12         1.04437E-12         8.11717E-13         6.30776E-13         4.90105E-13         3.80779E-13         2.95841E-13         2.29867E-13         1.78637E-13         1.38865E-13         1.07995E-13         8.40367E-14         6.54452E-14         5.10182E-14         3.98219E-14         3.11308E-14         2.43822E-14         1.91394E-14         1.50639E-14         1.18933E-14         9.42446E-15         7.49996E-15         5.99791E-15         4.82390E-15         3.90480E-15         3.18397E-15         2.61753E-15         2.17149E-15         1.81951E-15         1.54119E-15         1.32071E-15         1.14583E-15         1.00705E-15         8.97010E-16         8.10041E-16         7.41756E-16         6.88790E-16         6.48572E-16         6.19162E-16         5.99115E-16         5.87380E-16         5.83220E-16         5.86162E-16         5.95949E-16         6.12519E-16         6.35985E-16         6.66622E-16
         3.82658E-11         2.99360E-11         2.34005E-11         1.82781E-11         1.42670E-11         1.11291E-11         8.67637E-12         6.76068E-12         5.26549E-12         4.09924E-12         3.19010E-12         2.48176E-12         1.93013E-12         1.50074E-12         1.16664E-12         9.06776E-13         7.04720E-13         5.47659E-13         4.25605E-13         3.30776E-13         2.57113E-13         1.99902E-13         1.55474E-13         1.20976E-13         9.41919E-14         7.33958E-14         5.72482E-14         4.47080E-14         3.49667E-14         2.73965E-14         2.15107E-14         1.69314E-14         1.33658E-14         1.05871E-14         8.41934E-15         6.72608E-15         5.40163E-15         4.36403E-15         3.54971E-15         2.90938E-15         2.40479E-15         2.00627E-15         1.69082E-15         1.44056E-15         1.24165E-15         1.08333E-15         9.57242E-16         8.56934E-16         7.77399E-16         7.14776E-16         6.66098E-16         6.29105E-16         6.02090E-16         5.83788E-16         5.73281E-16         5.69936E-16         5.73351E-16         5.83325E-16         5.99831E-16         6.23004E-16
         4.31107E-11         3.36827E-11         2.62991E-11         2.05214E-11         1.60038E-11         1.24741E-11         9.71829E-12         7.56815E-12         5.89155E-12         4.58489E-12         3.56701E-12         2.77441E-12         2.15748E-12         1.67744E-12         1.30403E-12         1.01365E-12         7.87904E-13         6.12436E-13         4.76077E-13         3.70126E-13         2.87812E-13         2.23868E-13         1.74198E-13         1.35616E-13         1.05647E-13         8.23661E-14         6.42792E-14         5.02241E-14         3.92986E-14         3.08022E-14         2.41911E-14         1.90436E-14         1.50326E-14         1.19044E-14         9.46197E-15         7.55284E-15         6.05849E-15         4.88700E-15         3.96701E-15         3.24312E-15         2.67231E-15         2.22116E-15         1.86373E-15         1.57985E-15         1.35385E-15         1.17355E-15         1.02950E-15         9.14352E-16         8.22403E-16         7.49242E-16         6.91463E-16         6.46451E-16         6.12209E-16         5.87237E-16         5.70423E-16         5.60965E-16         5.58316E-16         5.62138E-16         5.72270E-16         5.88718E-16
         4.85250E-11         3.78696E-11         2.95380E-11         2.30287E-11         1.79461E-11         1.39794E-11         1.08853E-11         8.47315E-12         6.59369E-12         5.12990E-12         3.99026E-12         3.10327E-12         2.41310E-12         1.87622E-12         1.45869E-12         1.13403E-12         8.81636E-13         6.85456E-13         5.32990E-13         4.14510E-13         3.22447E-13         2.50913E-13         1.95330E-13         1.52141E-13         1.18579E-13         9.24957E-14         7.22203E-14         5.64556E-14         4.41935E-14         3.46515E-14         2.72220E-14         2.14332E-14         1.69193E-14         1.33963E-14         1.06439E-14         8.49094E-15         6.80464E-15         5.48183E-15         4.44237E-15         3.62399E-15         2.97828E-15         2.46760E-15         2.06269E-15         1.74079E-15         1.48420E-15         1.27914E-15         1.11490E-15         9.83145E-16         8.77392E-16         7.92614E-16         7.24911E-16         6.71275E-16         6.29392E-16         5.97501E-16         5.74276E-16         5.58736E-16         5.50180E-16         5.48130E-16         5.52301E-16         5.62570E-16
         5.46092E-11         4.25663E-11         3.31708E-11         2.58401E-11         2.01239E-11         1.56681E-11         1.21954E-11         9.48991E-12         7.38300E-12         5.74287E-12         4.46652E-12         3.47349E-12         2.70103E-12         2.10024E-12         1.63305E-12         1.26980E-12         9.87397E-13         7.67876E-13         5.97248E-13         4.64633E-13         3.61566E-13         2.81463E-13         2.19205E-13         1.70813E-13         1.33193E-13         1.03943E-13         8.11956E-14         6.34995E-14         4.97276E-14         3.90045E-14         3.06502E-14         2.41370E-14         1.90550E-14         1.50861E-14         1.19834E-14         9.55491E-15         7.65166E-15         6.15779E-15         4.98325E-15         4.05799E-15         3.32753E-15         2.74949E-15         2.29086E-15         1.92596E-15         1.63479E-15         1.40178E-15         1.21479E-15         1.06438E-15         9.43198E-16         8.45510E-16         7.66873E-16         7.03840E-16         6.53745E-16         6.14539E-16         5.84661E-16         5.62935E-16         5.48493E-16         5.40714E-16         5.39184E-16         5.43658E-16
         6.16785E-11         4.78715E-11         3.72627E-11         2.90056E-11         2.25742E-11         1.75673E-11         1.36693E-11         1.06346E-11         8.27215E-12         6.43371E-12         5.00345E-12         3.89100E-12         3.02584E-12         2.35305E-12         1.82989E-12         1.42312E-12         1.10687E-12         8.61007E-13         6.69875E-13         5.21295E-13         4.05794E-13         3.16006E-13         2.46201E-13         1.91926E-13         1.49718E-13         1.16889E-13         9.13462E-14         7.14665E-14         5.59876E-14         4.39290E-14         3.45294E-14         2.71971E-14         2.14729E-14         1.70000E-14         1.35012E-14         1.07613E-14         8.61275E-15         6.92545E-15         5.59812E-15         4.55195E-15         3.72560E-15         3.07132E-15         2.55189E-15         2.13833E-15         1.80805E-15         1.54344E-15         1.33078E-15         1.15937E-15         1.02086E-15         9.08741E-16         8.17964E-16         7.44585E-16         6.85546E-16         6.38482E-16         6.01571E-16         5.73423E-16         5.52990E-16         5.39498E-16         5.32396E-16         5.31317E-16
         7.11632E-11         5.41396E-11         4.19094E-11         3.25854E-11         2.53436E-11         1.97109E-11         1.53314E-11         1.19254E-11         9.27542E-12         7.21363E-12         5.60983E-12         4.36259E-12         3.39277E-12         2.63870E-12         2.05236E-12         1.59645E-12         1.24196E-12         9.66333E-13         7.52029E-13         5.85400E-13         4.55838E-13         3.55093E-13         2.76749E-13         2.15817E-13         1.68418E-13         1.31538E-13         1.02833E-13         8.04822E-14         6.30719E-14         4.95026E-14         3.89203E-14         3.06615E-14         2.42109E-14         1.91678E-14         1.52212E-14         1.21289E-14         9.70294E-15         7.79682E-15         6.29662E-15         5.11364E-15         4.17878E-15         3.43820E-15         2.84995E-15         2.38130E-15         2.00676E-15         1.70642E-15         1.46475E-15         1.26963E-15         1.11161E-15         9.83312E-16         8.78976E-16         7.94116E-16         7.25236E-16         6.69619E-16         6.25156E-16         5.90220E-16         5.63567E-16         5.44255E-16         5.31589E-16         5.25077E-16
