N:
      60
Temperature (K) = 300.00000
Epsilon_r = 40.000000
dmin (nm) = 0.60000000
dmax (nm) = 1000.0000
-----------------------------------------
D:
         6.00000E-10         6.80391E-10         7.71554E-10         8.74932E-10         9.92160E-10         1.12510E-09         1.27584E-09         1.44679E-09         1.64064E-09         1.86046E-09         2.10973E-09         2.39241E-09         2.71295E-09         3.07645E-09         3.48865E-09         3.95608E-09         4.48614E-09         5.08722E-09         5.76884E-09         6.54178E-09         7.41828E-09         8.41223E-09         9.53935E-09         1.08175E-08         1.22669E-08         1.39105E-08         1.57743E-08         1.78878E-08         2.02845E-08         2.30023E-08         2.60843E-08         2.95792E-08         3.35424E-08         3.80366E-08         4.31330E-08         4.89122E-08         5.54658E-08         6.28974E-08         7.13248E-08         8.08813E-08         9.17182E-08         1.04007E-07         1.17943E-07         1.33745E-07         1.51665E-07         1.71986E-07         1.95030E-07         2.21161E-07         2.50794E-07         2.84396E-07         3.22501E-07         3.65712E-07         4.14712E-07         4.70278E-07         5.33288E-07         6.04741E-07         6.85768E-07         7.77651E-07         8.81845E-07         1.00000E-06
W:
         5.23143E-15         5.79766E-15         6.53396E-15         7.47625E-15         8.66524E-15         1.01480E-14         1.19799E-14         1.42272E-14         1.69693E-14         2.03024E-14         2.43423E-14         2.92289E-14         3.51307E-14         4.22504E-14         5.08316E-14         6.11671E-14         7.36075E-14         8.85735E-14         1.06569E-13         1.28195E-13         1.54172E-13         1.85360E-13         2.22784E-13         2.67666E-13         3.21460E-13         3.85895E-13         4.63022E-13         5.55271E-13         6.65515E-13         7.97139E-13         9.54124E-13         1.14113E-12         1.36359E-12         1.62781E-12         1.94104E-12         2.31159E-12         2.74887E-12         3.26343E-12         3.86697E-12         4.57229E-12         5.39317E-12         6.34422E-12         7.44071E-12         8.69835E-12         1.01331E-11         1.17612E-11         1.35991E-11         1.56640E-11         1.79741E-11         2.05498E-11         2.34143E-11         2.65951E-11         3.01251E-11         3.40438E-11         3.83991E-11         4.32498E-11         4.86684E-11         5.47533E-11         6.17997E-11         7.11543E-11
         4.79575E-15         5.22246E-15         5.78666E-15         6.52016E-15         7.45859E-15         8.64231E-15         1.01179E-14         1.19403E-14         1.41749E-14         1.69003E-14         2.02115E-14         2.42229E-14         2.90724E-14         3.49260E-14         4.19833E-14         5.04837E-14         6.07146E-14         7.30197E-14         8.78109E-14         1.05580E-13         1.26914E-13         1.52515E-13         1.83217E-13         2.20015E-13         2.64088E-13         3.16841E-13         3.79933E-13         4.55328E-13         5.45342E-13         6.52701E-13         7.80596E-13         9.32756E-13         1.11351E-12         1.32786E-12         1.58154E-12         1.88108E-12         2.23381E-12         2.64793E-12         3.13243E-12         3.69708E-12         4.35229E-12         5.10900E-12         5.97854E-12         6.97246E-12         8.10246E-12         9.38039E-12         1.08184E-11         1.24292E-11         1.42266E-11         1.62264E-11         1.84466E-11         2.09091E-11         2.36399E-11         2.66705E-11         3.00386E-11         3.37899E-11         3.79804E-11         4.26790E-11         4.79823E-11         5.42236E-11
         4.47166E-15         4.78735E-15         5.21204E-15         5.77368E-15         6.50376E-15         7.43754E-15         8.61497E-15         1.00821E-14         1.18932E-14         1.41128E-14         1.68186E-14         2.01042E-14         2.40822E-14         2.88884E-14         3.46859E-14         4.16706E-14         5.00773E-14         6.01872E-14         7.23363E-14         8.69261E-14         1.04436E-13         1.25436E-13         1.50606E-13         1.80754E-13         2.16838E-13         2.59993E-13         3.11563E-13         3.73132E-13         4.46565E-13         5.34050E-13         6.38143E-13         7.61820E-13         9.08522E-13         1.08221E-12         1.28739E-12         1.52918E-12         1.81328E-12         2.14603E-12         2.53430E-12         2.98550E-12         3.50747E-12         4.10834E-12         4.79648E-12         5.58035E-12         6.46851E-12         7.46964E-12         8.59270E-12         9.84725E-12         1.12439E-11         1.27947E-11         1.45141E-11         1.64193E-11         1.85311E-11         2.08745E-11         2.34795E-11         2.63815E-11         2.96234E-11         3.32582E-11         3.73505E-11         4.19936E-11
         4.23648E-15         4.46475E-15         4.77804E-15         5.20012E-15         5.75855E-15         6.48444E-15         7.41263E-15         8.58255E-15         1.00397E-14         1.18374E-14         1.40395E-14         1.67223E-14         1.99780E-14         2.39171E-14         2.86730E-14         3.44055E-14         4.13063E-14         4.96050E-14         5.95757E-14         7.15457E-14         8.59051E-14         1.03118E-13         1.23738E-13         1.48419E-13         1.77937E-13         2.13212E-13         2.55328E-13         3.05562E-13         3.65412E-13         4.36631E-13         5.21263E-13         6.21675E-13         7.40597E-13         8.81150E-13         1.04688E-12         1.24177E-12         1.47023E-12         1.73714E-12         2.04773E-12         2.40759E-12         2.82258E-12         3.29873E-12         3.84217E-12         4.45911E-12         5.15579E-12         5.93859E-12         6.81417E-12         7.78978E-12         8.87358E-12         1.00751E-11         1.14057E-11         1.28790E-11         1.45117E-11         1.63237E-11         1.83387E-11         2.05846E-11         2.30943E-11         2.59076E-11         2.90741E-11         3.26531E-11
         4.07428E-15         4.23299E-15         4.45784E-15         4.76794E-15         5.18664E-15         5.74107E-15         6.46187E-15         7.38336E-15         8.54437E-15         9.98966E-15         1.17718E-14         1.39534E-14         1.66094E-14         1.98302E-14         2.37243E-14         2.84220E-14         3.40796E-14         4.08841E-14         4.90588E-14         5.88703E-14         7.06359E-14         8.47330E-14         1.01610E-13         1.21797E-13         1.45924E-13         1.74732E-13         2.09095E-13         2.50040E-13         2.98770E-13         3.56686E-13         4.25418E-13         5.06844E-13         6.03123E-13         7.16710E-13         8.50376E-13         1.00721E-12         1.19063E-12         1.40435E-12         1.65233E-12         1.93878E-12         2.26804E-12         2.64456E-12         3.07285E-12         3.55741E-12         4.10282E-12         4.71379E-12         5.39532E-12         6.15297E-12         6.99307E-12         7.92315E-12         8.95225E-12         1.00913E-11         1.13535E-11         1.27547E-11         1.43136E-11         1.60523E-11         1.79964E-11         2.01759E-11         2.26273E-11         2.53968E-11
         3.97675E-15         4.07740E-15         4.23084E-15         4.45124E-15         4.75723E-15         5.17165E-15         5.72111E-15         6.43572E-15         7.34920E-15         8.49968E-15         9.93107E-15         1.16949E-14         1.38526E-14         1.64776E-14         1.96581E-14         2.35003E-14         2.81312E-14         3.37028E-14         4.03970E-14         4.84304E-14         5.80608E-14         6.95944E-14         8.33945E-14         9.98909E-14         1.19591E-13         1.43094E-13         1.71103E-13         2.04443E-13         2.44075E-13         2.91118E-13         3.46869E-13         4.12815E-13         4.90656E-13         5.82317E-13         6.89956E-13         8.15964E-13         9.62959E-13         1.13376E-12         1.33137E-12         1.55892E-12         1.81962E-12         2.11674E-12         2.45356E-12         2.83338E-12         3.25955E-12         3.73559E-12         4.26529E-12         4.85293E-12         5.50351E-12         6.22299E-12         7.01860E-12         7.89905E-12         8.87485E-12         9.95853E-12         1.11649E-11         1.25113E-11         1.40180E-11         1.57079E-11         1.76082E-11         1.97524E-11
         3.94310E-15         3.99093E-15         4.08365E-15         4.23056E-15         4.44535E-15         4.74613E-15         5.15518E-15         5.69855E-15         6.40570E-15         7.30964E-15         8.44769E-15         9.86282E-15         1.16054E-14         1.37354E-14         1.63245E-14         1.94588E-14         2.32414E-14         2.77958E-14         3.32695E-14         3.98383E-14         4.77114E-14         5.71368E-14         6.84085E-14         8.18740E-14         9.79427E-14         1.17097E-13         1.39901E-13         1.67015E-13         1.99210E-13         2.37375E-13         2.82537E-13         3.35871E-13         3.98714E-13         4.72567E-13         5.59104E-13         6.60166E-13         7.77752E-13         9.13997E-13         1.07115E-12         1.25153E-12         1.45750E-12         1.69146E-12         1.95581E-12         2.25294E-12         2.58535E-12         2.95566E-12         3.36679E-12         3.82207E-12         4.32547E-12         4.88174E-12         5.49666E-12         6.17718E-12         6.93165E-12         7.76998E-12         8.70385E-12         9.74687E-12         1.09149E-11         1.22259E-11         1.37007E-11         1.53635E-11
         3.97899E-15         3.97373E-15         4.01029E-15         4.09363E-15         4.23267E-15         4.44057E-15         4.73491E-15         5.13736E-15         5.67331E-15         6.37151E-15         7.26415E-15         8.38762E-15         9.78380E-15         1.15018E-14         1.35998E-14         1.61478E-14         1.92290E-14         2.29437E-14         2.74111E-14         3.27737E-14         3.92008E-14         4.68930E-14         5.60878E-14         6.70654E-14         8.01558E-14         9.57462E-14         1.14289E-13         1.36314E-13         1.62432E-13         1.93352E-13         2.29884E-13         2.72956E-13         3.23610E-13         3.83016E-13         4.52467E-13         5.33372E-13         6.27251E-13         7.35709E-13         8.60421E-13         1.00310E-12         1.16550E-12         1.34934E-12         1.55637E-12         1.78838E-12         2.04721E-12         2.33485E-12         2.65355E-12         3.00596E-12         3.39522E-12         3.82514E-12         4.30033E-12         4.82635E-12         5.40982E-12         6.05857E-12         6.78177E-12         7.59008E-12         8.49587E-12         9.51333E-12         1.06586E-11         1.19500E-11
         4.09494E-15         4.03191E-15         4.01164E-15         4.03545E-15         4.10797E-15         4.23770E-15         4.43734E-15         4.72387E-15         5.11833E-15         5.64536E-15         6.33290E-15         7.21224E-15         8.31869E-15         9.69289E-15         1.13825E-14         1.34439E-14         1.59447E-14         1.89657E-14         2.26032E-14         2.69724E-14         3.22097E-14         3.84773E-14         4.59666E-14         5.49032E-14         6.55524E-14         7.82245E-14         9.32822E-14         1.11147E-13         1.32305E-13         1.57317E-13         1.86824E-13         2.21551E-13         2.62312E-13         3.10013E-13         3.65647E-13         4.30290E-13         5.05088E-13         5.91245E-13         6.90002E-13         8.02622E-13         9.30374E-13         1.07453E-12         1.23636E-12         1.41719E-12         1.61840E-12         1.84152E-12         2.08832E-12         2.36088E-12         2.66173E-12         2.99392E-12         3.36113E-12         3.76779E-12         4.21914E-12         4.72137E-12         5.28167E-12         5.90838E-12         6.61111E-12         7.40097E-12         8.29060E-12         9.29430E-12
         4.30501E-15         4.17612E-15         4.09414E-15         4.05740E-15         4.06698E-15         4.12720E-15         4.24617E-15         4.43608E-15         4.71333E-15         5.09825E-15         5.61469E-15         6.28967E-15         7.15343E-15         8.24012E-15         9.58898E-15         1.12460E-14         1.32656E-14         1.57130E-14         1.86657E-14         2.22163E-14         2.64748E-14         3.15717E-14         3.76609E-14         4.49238E-14         5.35730E-14         6.38569E-14         7.60650E-14         9.05324E-14         1.07645E-13         1.27846E-13         1.51638E-13         1.79588E-13         2.12328E-13         2.50558E-13         2.95036E-13         3.46578E-13         4.06047E-13         4.74339E-13         5.52369E-13         6.41063E-13         7.41347E-13         8.54149E-13         9.80407E-13         1.12110E-12         1.27729E-12         1.45016E-12         1.64110E-12         1.85178E-12         2.08422E-12         2.34087E-12         2.62466E-12         2.93912E-12         3.28840E-12         3.67737E-12         4.11166E-12         4.59780E-12         5.14326E-12         5.75666E-12         6.44787E-12         7.22812E-12
         4.62623E-15         4.42043E-15         4.26845E-15         4.16609E-15         4.11144E-15         4.10533E-15         4.15177E-15         4.25848E-15         4.43715E-15         4.70356E-15         5.07728E-15         5.58130E-15         6.24160E-15         7.08729E-15         8.15119E-15         9.47101E-15         1.10909E-14         1.30631E-14         1.54501E-14         1.83259E-14         2.17790E-14         2.59139E-14         3.08542E-14         3.67450E-14         4.37566E-14         5.20873E-14         6.19674E-14         7.36629E-14         8.74792E-14         1.03765E-13         1.22913E-13         1.45365E-13         1.71611E-13         2.02187E-13         2.37671E-13         2.78678E-13         3.25854E-13         3.79862E-13         4.41376E-13         5.11072E-13         5.89625E-13         6.77715E-13         7.76038E-13         8.85332E-13         1.00641E-12         1.14021E-12         1.28783E-12         1.45061E-12         1.63016E-12         1.82845E-12         2.04781E-12         2.29106E-12         2.56146E-12         2.86284E-12         3.19963E-12         3.57691E-12         4.00051E-12         4.47710E-12         5.01432E-12         5.62096E-12
         5.07879E-15         4.78207E-15         4.54874E-15         4.37223E-15         4.24805E-15         4.17406E-15         4.15080E-15         4.18200E-15         4.27495E-15         4.44084E-15         4.69478E-15         5.05555E-15         5.54516E-15         6.18851E-15         7.01341E-15         8.05123E-15         9.33799E-15         1.09158E-14         1.28346E-14         1.51537E-14         1.79436E-14         2.12880E-14         2.52854E-14         3.00520E-14         3.57234E-14         4.24575E-14         5.04372E-14         5.98728E-14         7.10051E-14         8.41073E-14         9.94865E-14         1.17485E-13         1.38480E-13         1.62880E-13         1.91125E-13         2.23675E-13         2.61012E-13         3.03624E-13         3.52005E-13         4.06649E-13         4.68050E-13         5.36708E-13         6.13144E-13         6.97922E-13         7.91675E-13         8.95141E-13         1.00921E-12         1.13494E-12         1.27363E-12         1.42686E-12         1.59648E-12         1.78471E-12         1.99414E-12         2.22777E-12         2.48907E-12         2.78201E-12         3.11113E-12         3.48160E-12         3.89934E-12         4.37114E-12
         5.68697E-15         5.28181E-15         4.95255E-15         4.69013E-15         4.48760E-15         4.34016E-15         4.24538E-15         4.20355E-15         4.21805E-15         4.29574E-15         4.44729E-15         4.68710E-15         5.03308E-15         5.50621E-15         6.13017E-15         6.93138E-15         7.93959E-15         9.18900E-15         1.07195E-14         1.25785E-14         1.48219E-14         1.75162E-14         2.07401E-14         2.45856E-14         2.91607E-14         3.45906E-14         4.10199E-14         4.86147E-14         5.75639E-14         6.80810E-14         8.04048E-14         9.47997E-14         1.11554E-13         1.30980E-13         1.53408E-13         1.79182E-13         2.08659E-13         2.42199E-13         2.80162E-13         3.22909E-13         3.70803E-13         4.24216E-13         4.83543E-13         5.49218E-13         6.21739E-13         7.01696E-13         7.89798E-13         8.86903E-13         9.94050E-13         1.11249E-12         1.24369E-12         1.38942E-12         1.55171E-12         1.73291E-12         1.93575E-12         2.16331E-12         2.41913E-12         2.70725E-12         3.03224E-12         3.39934E-12
         6.48060E-15         5.94499E-15         5.50135E-15         5.13774E-15         4.84459E-15         4.61451E-15         4.44234E-15         4.32535E-15         4.26352E-15         4.25986E-15         4.32081E-15         4.45645E-15         4.68044E-15         5.00976E-15         5.46426E-15         6.06629E-15         6.84074E-15         7.81565E-15         9.02319E-15         1.05009E-14         1.22933E-14         1.44528E-14         1.70416E-14         2.01327E-14         2.38113E-14         2.81764E-14         3.33420E-14         3.94385E-14         4.66137E-14         5.50339E-14         6.48839E-14         7.63669E-14         8.97032E-14         1.05129E-13         1.22891E-13         1.43247E-13         1.66460E-13         1.92793E-13         2.22510E-13         2.55877E-13         2.93160E-13         3.34641E-13         3.80620E-13         4.31438E-13         4.87489E-13         5.49248E-13         6.17282E-13         6.92282E-13         7.75077E-13         8.66659E-13         9.68203E-13         1.08109E-12         1.20691E-12         1.34753E-12         1.50505E-12         1.68191E-12         1.88085E-12         2.10501E-12         2.35796E-12         2.64374E-12
         7.49691E-15         6.80307E-15         6.22170E-15         5.73743E-15         5.33758E-15         5.01196E-15         4.75272E-15         4.55431E-15         4.41366E-15         4.33038E-15         4.30713E-15         4.34987E-15         4.46805E-15         4.67453E-15         4.98530E-15         5.41896E-15         5.99644E-15         6.74100E-15         7.67877E-15         8.83975E-15         1.02590E-14         1.19778E-14         1.40450E-14         1.65179E-14         1.94636E-14         2.29598E-14         2.70961E-14         3.19742E-14         3.77095E-14         4.44309E-14         5.22806E-14         6.14143E-14         7.19993E-14         8.42132E-14         9.82413E-14         1.14274E-13         1.32505E-13         1.53127E-13         1.76334E-13         2.02322E-13         2.31289E-13         2.63450E-13         2.99038E-13         3.38322E-13         3.81617E-13         4.29303E-13         4.81838E-13         5.39776E-13         6.03778E-13         6.74631E-13         7.53263E-13         8.40757E-13         9.38369E-13         1.04755E-12         1.16995E-12         1.30746E-12         1.46224E-12         1.63671E-12         1.83366E-12         2.05623E-12
         8.78280E-15         7.89548E-15         7.14683E-15         6.51708E-15         5.98986E-15         5.55172E-15         5.19181E-15         4.90173E-15         4.67551E-15         4.50970E-15         4.40354E-15         4.35927E-15         4.38233E-15         4.48151E-15         4.66881E-15         4.95912E-15         5.36974E-15         5.92003E-15         6.63146E-15         7.52818E-15         8.63785E-15         9.99279E-15         1.16310E-14         1.35972E-14         1.59438E-14         1.87313E-14         2.20296E-14         2.59180E-14         3.04858E-14         3.58325E-14         4.20672E-14         4.93085E-14         5.76830E-14         6.73239E-14         7.83692E-14         9.09598E-14         1.05238E-13         1.21345E-13         1.39425E-13         1.59622E-13         1.82087E-13         2.06985E-13         2.34499E-13         2.64842E-13         2.98268E-13         3.35084E-13         3.75656E-13         4.20428E-13         4.69927E-13         5.24775E-13         5.85703E-13         6.53563E-13         7.29336E-13         8.14156E-13         9.09315E-13         1.01629E-12         1.13675E-12         1.27261E-12         1.42602E-12         1.59942E-12
         1.03977E-14         9.27206E-15         8.31853E-15         7.51179E-15         6.83083E-15         6.25820E-15         5.77956E-15         5.38338E-15         5.06069E-15         4.80504E-15         4.61254E-15         4.48204E-15         4.41532E-15         4.41726E-15         4.49592E-15         4.66238E-15         4.93035E-15         5.31570E-15         5.83614E-15         6.51124E-15         7.36299E-15         8.41655E-15         9.70134E-15         1.12519E-14         1.31085E-14         1.53182E-14         1.79349E-14         2.10200E-14         2.46424E-14         2.88782E-14         3.38110E-14         3.95306E-14         4.61324E-14         5.37160E-14         6.23839E-14         7.22403E-14         8.33897E-14         9.59370E-14         1.09988E-13         1.25652E-13         1.43045E-13         1.62293E-13         1.83544E-13         2.06967E-13         2.32767E-13         2.61191E-13         2.92533E-13         3.27147E-13         3.65451E-13         4.07937E-13         4.55182E-13         5.07850E-13         5.66711E-13         6.32647E-13         7.06669E-13         7.89927E-13         8.83730E-13         9.89559E-13         1.10909E-12         1.24424E-12
         1.24169E-14         1.09959E-14         9.78969E-15         8.76587E-15         7.89756E-15         7.16232E-15         6.54159E-15         6.02011E-15         5.58557E-15         5.22839E-15         4.94159E-15         4.72084E-15         4.56452E-15         4.47392E-15         4.45331E-15         4.50995E-15         4.65393E-15         4.89770E-15         5.25560E-15         5.74355E-15         6.37912E-15         7.18199E-15         8.17470E-15         9.38358E-15         1.08394E-14         1.25780E-14         1.46408E-14         1.70746E-14         1.99323E-14         2.32719E-14         2.71569E-14         3.16552E-14         3.68383E-14         4.27807E-14         4.95583E-14         5.72481E-14         6.59276E-14         7.56744E-14         8.65682E-14         9.86918E-14         1.12135E-13         1.26998E-13         1.43398E-13         1.61471E-13         1.81384E-13         2.03332E-13         2.27554E-13         2.54329E-13         2.83990E-13         3.16926E-13         3.53586E-13         3.94494E-13         4.40249E-13         4.91540E-13         5.49155E-13         6.13989E-13         6.87064E-13         7.69537E-13         8.62717E-13         9.68089E-13
         1.49360E-14         1.31471E-14         1.16273E-14         1.03354E-14         9.23693E-15         8.30325E-15         7.51045E-15         6.83875E-15         6.27189E-15         5.79675E-15         5.40309E-15         5.08338E-15         4.83276E-15         4.64913E-15         4.53322E-15         4.48864E-15         4.52181E-15         4.64172E-15         4.85944E-15         5.18772E-15         5.64060E-15         6.23349E-15         6.98366E-15         7.91091E-15         9.03831E-15         1.03928E-14         1.20054E-14         1.39119E-14         1.61520E-14         1.87699E-14         2.18133E-14         2.53335E-14         2.93839E-14         3.40199E-14         3.92982E-14         4.52757E-14         5.20101E-14         5.95598E-14         6.79849E-14         7.73496E-14         8.77241E-14         9.91887E-14         1.11836E-13         1.25778E-13         1.41147E-13         1.58101E-13         1.76830E-13         1.97556E-13         2.20541E-13         2.46092E-13         2.74562E-13         3.06360E-13         3.41954E-13         3.81880E-13         4.26752E-13         4.77268E-13         5.34225E-13         5.98524E-13         6.71189E-13         7.53379E-13
         1.80762E-14         1.58269E-14         1.39161E-14         1.22912E-14         1.09083E-14         9.73051E-15         8.72740E-15         7.87351E-15         7.14774E-15         6.53280E-15         6.01471E-15         5.58250E-15         5.22802E-15         4.94588E-15         4.73345E-15         4.59084E-15         4.52092E-15         4.52919E-15         4.62345E-15         4.81336E-15         5.10991E-15         5.52517E-15         6.07234E-15         6.76615E-15         7.62356E-15         8.66429E-15         9.91133E-15         1.13910E-14         1.31333E-14         1.51710E-14         1.75400E-14         2.02787E-14         2.34269E-14         2.70261E-14         3.11183E-14         3.57462E-14         4.09530E-14         4.67830E-14         5.32826E-14         6.05019E-14         6.84966E-14         7.73309E-14         8.70799E-14         9.78332E-14         1.09697E-13         1.22799E-13         1.37289E-13         1.53344E-13         1.71170E-13         1.91009E-13         2.13137E-13         2.37873E-13         2.65582E-13         2.96684E-13         3.31655E-13         3.71040E-13         4.15458E-13         4.65613E-13         5.22305E-13         5.86438E-13
         2.19912E-14         1.91638E-14         1.67636E-14         1.47232E-14         1.29865E-14         1.15067E-14         1.02446E-14         9.16777E-15         8.24900E-15         7.46589E-15         6.80002E-15         6.23648E-15         5.76355E-15         5.37243E-15         5.05714E-15         4.81443E-15         4.64376E-15         4.54718E-15         4.52919E-15         4.59632E-15         4.75669E-15         5.01949E-15         5.39472E-15         5.89328E-15         6.52734E-15         7.31095E-15         8.26051E-15         9.39507E-15         1.07364E-14         1.23087E-14         1.41387E-14         1.62547E-14         1.86865E-14         2.14651E-14         2.46219E-14         2.81891E-14         3.21994E-14         3.66870E-14         4.16881E-14         4.72423E-14         5.33942E-14         6.01955E-14         6.77068E-14         7.60002E-14         8.51612E-14         9.52910E-14         1.06509E-13         1.18955E-13         1.32792E-13         1.48209E-13         1.65421E-13         1.84679E-13         2.06268E-13         2.30513E-13         2.57787E-13         2.88513E-13         3.23174E-13         3.62318E-13         4.06570E-13         4.56636E-13
         2.68760E-14         2.33207E-14         2.03057E-14         1.77449E-14         1.55666E-14         1.37109E-14         1.21281E-14         1.07764E-14         9.62110E-15         8.63345E-15         7.78954E-15         7.06975E-15         6.45820E-15         5.94237E-15         5.51274E-15         5.16269E-15         4.88830E-15         4.68830E-15         4.56386E-15         4.51835E-15         4.55697E-15         4.68621E-15         4.91337E-15         5.24636E-15         5.69373E-15         6.26512E-15         6.97171E-15         7.82667E-15         8.84529E-15         1.00450E-14         1.14451E-14         1.30665E-14         1.49313E-14         1.70626E-14         1.94840E-14         2.22201E-14         2.52960E-14         2.87385E-14         3.25760E-14         3.68403E-14         4.15673E-14         4.67987E-14         5.25836E-14         5.89797E-14         6.60555E-14         7.38918E-14         8.25829E-14         9.22392E-14         1.02988E-13         1.14978E-13         1.28379E-13         1.43384E-13         1.60217E-13         1.79132E-13         2.00418E-13         2.24406E-13         2.51471E-13         2.82041E-13         3.16602E-13         3.55707E-13
         3.29776E-14         2.85037E-14         2.47144E-14         2.14997E-14         1.87680E-14         1.64429E-14         1.44608E-14         1.27683E-14         1.13213E-14         1.00828E-14         9.02212E-15         8.11382E-15         7.33705E-15         6.67493E-15         6.11404E-15         5.64412E-15         5.25783E-15         4.95053E-15         4.72012E-15         4.56677E-15         4.49269E-15         4.50161E-15         4.59834E-15         4.78826E-15         5.07716E-15         5.47131E-15         5.97788E-15         6.60537E-15         7.36391E-15         8.26541E-15         9.32348E-15         1.05531E-14         1.19706E-14         1.35931E-14         1.54385E-14         1.75255E-14         1.98740E-14         2.25048E-14         2.54408E-14         2.87076E-14         3.23342E-14         3.63544E-14         4.08076E-14         4.57403E-14         5.12072E-14         5.72722E-14         6.40101E-14         7.15076E-14         7.98651E-14         8.91981E-14         9.96393E-14         1.11341E-13         1.24476E-13         1.39243E-13         1.55869E-13         1.74609E-13         1.95758E-13         2.19648E-13         2.46658E-13         2.77221E-13
         4.06094E-14         3.49738E-14         3.02071E-14         2.61688E-14         2.27418E-14         1.98284E-14         1.73472E-14         1.52306E-14         1.34217E-14         1.18736E-14         1.05468E-14         9.40872E-15         8.43241E-15         7.59566E-15         6.88048E-15         6.27253E-15         5.76075E-15         5.33700E-15         4.99582E-15         4.73419E-15         4.55122E-15         4.44780E-15         4.42619E-15         4.48942E-15         4.64098E-15         4.88459E-15         5.22435E-15         5.66516E-15         6.21306E-15         6.87555E-15         7.66164E-15         8.58172E-15         9.64743E-15         1.08714E-14         1.22672E-14         1.38493E-14         1.56332E-14         1.76354E-14         1.98746E-14         2.23712E-14         2.51490E-14         2.82351E-14         3.16614E-14         3.54652E-14         3.96898E-14         4.43860E-14         4.96128E-14         5.54384E-14         6.19413E-14         6.92121E-14         7.73544E-14         8.64869E-14         9.67450E-14         1.08283E-13         1.21278E-13         1.35931E-13         1.52469E-13         1.71152E-13         1.92277E-13         2.16179E-13
         5.01684E-14         4.30615E-14         3.70590E-14         3.19811E-14         2.76782E-14         2.40254E-14         2.09189E-14         1.82720E-14         1.60126E-14         1.40803E-14         1.24249E-14         1.10048E-14         9.78513E-15         8.73731E-15         7.83775E-15         7.06731E-15         6.41065E-15         5.85581E-15         5.39379E-15         5.01822E-15         4.72504E-15         4.51221E-15         4.37923E-15         4.32679E-15         4.35618E-15         4.46904E-15         4.66713E-15         4.95260E-15         5.32832E-15         5.79825E-15         6.36770E-15         7.04331E-15         7.83302E-15         8.74591E-15         9.79207E-15         1.09826E-14         1.23296E-14         1.38465E-14         1.55481E-14         1.74511E-14         1.95748E-14         2.19410E-14         2.45755E-14         2.75079E-14         3.07729E-14         3.44105E-14         3.84671E-14         4.29965E-14         4.80601E-14         5.37287E-14         6.00833E-14         6.72165E-14         7.52341E-14         8.42569E-14         9.44223E-14         1.05887E-13         1.18830E-13         1.33453E-13         1.49988E-13         1.68696E-13
         6.21584E-14         5.31851E-14         4.56175E-14         3.92253E-14         3.38169E-14         2.92330E-14         2.53407E-14         2.20293E-14         1.92067E-14         1.67960E-14         1.47331E-14         1.29647E-14         1.14463E-14         1.01410E-14         9.01856E-15         8.05383E-15         7.22644E-15         6.52001E-15         5.92158E-15         5.42118E-15         5.01141E-15         4.68709E-15         4.44489E-15         4.28290E-15         4.20019E-15         4.19637E-15         4.27129E-15         4.42497E-15         4.65786E-15         4.97113E-15         5.36705E-15         5.84920E-15         6.42245E-15         7.09294E-15         7.86792E-15         8.75577E-15         9.76589E-15         1.09089E-14         1.21968E-14         1.36430E-14         1.52631E-14         1.70748E-14         1.90986E-14         2.13584E-14         2.38815E-14         2.66996E-14         2.98493E-14         3.33727E-14         3.73180E-14         4.17406E-14         4.67037E-14         5.22798E-14         5.85514E-14         6.56128E-14         7.35714E-14         8.25498E-14         9.26871E-14         1.04142E-13         1.17095E-13         1.31751E-13
         7.72174E-14         6.58740E-14         5.63217E-14         4.82653E-14         4.14597E-14         3.57009E-14         3.08192E-14         2.66732E-14         2.31451E-14         2.01368E-14         1.75666E-14         1.53662E-14         1.34791E-14         1.18580E-14         1.04638E-14         9.26424E-15         8.23277E-15         7.34767E-15         6.59136E-15         5.94980E-15         5.41192E-15         4.96919E-15         4.61518E-15         4.34519E-15         4.15584E-15         4.04458E-15         4.00942E-15         4.04858E-15         4.16057E-15         4.34438E-15         4.59985E-15         4.92796E-15         5.33099E-15         5.81256E-15         6.37751E-15         7.03187E-15         7.78276E-15         8.63847E-15         9.60849E-15         1.07037E-14         1.19365E-14         1.33212E-14         1.48742E-14         1.66145E-14         1.85637E-14         2.07470E-14         2.31931E-14         2.59351E-14         2.90107E-14         3.24634E-14         3.63425E-14         4.07047E-14         4.56145E-14         5.11455E-14         5.73819E-14         6.44192E-14         7.23665E-14         8.13478E-14         9.15042E-14         1.02996E-13
         9.61537E-14         8.17977E-14         6.97256E-14         5.95596E-14         5.09856E-14         4.37424E-14         3.76130E-14         3.24167E-14         2.80030E-14         2.42465E-14         2.10430E-14         1.83055E-14         1.59615E-14         1.39510E-14         1.22237E-14         1.07383E-14         9.46052E-15         8.36209E-15         7.41988E-15         6.61503E-15         5.93226E-15         5.35927E-15         4.88624E-15         4.50540E-15         4.21060E-15         3.99690E-15         3.86024E-15         3.79706E-15         3.80415E-15         3.87873E-15         4.01864E-15         4.22270E-15         4.49095E-15         4.82477E-15         5.22686E-15         5.70117E-15         6.25282E-15         6.88806E-15         7.61428E-15         8.44004E-15         9.37527E-15         1.04313E-14         1.16214E-14         1.29603E-14         1.44655E-14         1.61567E-14         1.80565E-14         2.01909E-14         2.25896E-14         2.52865E-14         2.83204E-14         3.17354E-14         3.55822E-14         3.99184E-14         4.48095E-14         5.03306E-14         5.65670E-14         6.36157E-14         7.15873E-14         8.06075E-14
         1.19991E-13         1.01802E-13         8.65279E-14         7.36850E-14         6.28703E-14         5.37495E-14         4.60447E-14         3.95249E-14         3.39976E-14         2.93029E-14         2.53075E-14         2.19003E-14         1.89890E-14         1.64968E-14         1.43597E-14         1.25246E-14         1.09476E-14         9.59225E-15         8.42863E-15         7.43195E-15         6.58191E-15         5.86182E-15         5.25797E-15         4.75913E-15         4.35602E-15         4.04095E-15         3.80746E-15         3.64995E-15         3.56344E-15         3.54349E-15         3.58623E-15         3.68866E-15         3.84884E-15         4.06616E-15         4.34138E-15         4.67655E-15         5.07496E-15         5.54105E-15         6.08034E-15         6.69943E-15         7.40609E-15         8.20931E-15         9.11945E-15         1.01484E-14         1.13098E-14         1.26193E-14         1.40947E-14         1.57564E-14         1.76277E-14         1.97353E-14         2.21096E-14         2.47851E-14         2.78015E-14         3.12038E-14         3.50436E-14         3.93795E-14         4.42783E-14         4.98162E-14         5.60799E-14         6.31678E-14
         1.50022E-13         1.26953E-13         1.07608E-13         9.13654E-14         7.77095E-14         6.62116E-14         5.65159E-14         4.83267E-14         4.13979E-14         3.55251E-14         3.05379E-14         2.62947E-14         2.26776E-14         1.95884E-14         1.69456E-14         1.46814E-14         1.27395E-14         1.10732E-14         9.64398E-15         8.41972E-15         7.37394E-15         6.48466E-15         5.73357E-15         5.10538E-15         4.58722E-15         4.16820E-15         3.83901E-15         3.59161E-15         3.41897E-15         3.31485E-15         3.27373E-15         3.29095E-15         3.36287E-15         3.48709E-15         3.66254E-15         3.88954E-15         4.16968E-15         4.50575E-15         4.90159E-15         5.36210E-15         5.89320E-15         6.50186E-15         7.19622E-15         7.98562E-15         8.88083E-15         9.89414E-15         1.10396E-14         1.23333E-14         1.37936E-14         1.54414E-14         1.73005E-14         1.93981E-14         2.17652E-14         2.44373E-14         2.74547E-14         3.08635E-14         3.47160E-14         3.90720E-14         4.39995E-14         4.95759E-14
         1.87881E-13         1.58594E-13         1.34069E-13         1.13508E-13         9.62472E-14         8.17381E-14         6.95248E-14         5.92285E-14         5.05346E-14         4.31814E-14         3.69513E-14         3.16635E-14         2.71674E-14         2.33376E-14         2.00702E-14         1.72785E-14         1.48906E-14         1.28468E-14         1.10975E-14         9.60164E-15         8.32489E-15         7.23873E-15         6.31923E-15         5.54620E-15         4.90250E-15         4.37345E-15         3.94641E-15         3.61040E-15         3.35586E-15         3.17443E-15         3.05879E-15         3.00263E-15         3.00072E-15         3.04903E-15         3.14484E-15         3.28685E-15         3.47507E-15         3.71073E-15         3.99619E-15         4.33481E-15         4.73093E-15         5.18982E-15         5.71774E-15         6.32200E-15         7.01101E-15         7.79446E-15         8.68341E-15         9.69051E-15         1.08302E-14         1.21189E-14         1.35754E-14         1.52211E-14         1.70803E-14         1.91809E-14         2.15546E-14         2.42375E-14         2.72708E-14         3.07015E-14         3.45830E-14         3.89763E-14
         2.35626E-13         1.98415E-13         1.67297E-13         1.41245E-13         1.19409E-13         1.01085E-13         8.56868E-14         7.27304E-14         6.18127E-14         5.25990E-14         4.48111E-14         3.82177E-14         3.26266E-14         2.78778E-14         2.38384E-14         2.03979E-14         1.74645E-14         1.49617E-14         1.28263E-14         1.10053E-14         9.45476E-15         8.13793E-15         7.02383E-15         6.08627E-15         5.30289E-15         4.65447E-15         4.12436E-15         3.69808E-15         3.36302E-15         3.10824E-15         2.92427E-15         2.80299E-15         2.73756E-15         2.72240E-15         2.75331E-15         2.82745E-15         2.94336E-15         3.10086E-15         3.30092E-15         3.54552E-15         3.83762E-15         4.18104E-15         4.58048E-15         5.04155E-15         5.57079E-15         6.17575E-15         6.86515E-15         7.64893E-15         8.53845E-15         9.54668E-15         1.06884E-14         1.19804E-14         1.34420E-14         1.50950E-14         1.69644E-14         1.90787E-14         2.14702E-14         2.41759E-14         2.72379E-14         3.07042E-14
         2.95841E-13         2.48528E-13         2.09017E-13         1.75986E-13         1.48343E-13         1.25184E-13         1.05758E-13         8.94440E-14         7.57254E-14         6.41741E-14         5.44340E-14         4.62097E-14         3.92552E-14         3.33665E-14         2.83737E-14         2.41357E-14         2.05353E-14         1.74747E-14         1.48730E-14         1.26626E-14         1.07870E-14         9.19895E-15         7.85876E-15         6.73267E-15         5.79189E-15         5.01160E-15         4.37034E-15         3.84943E-15         3.43263E-15         3.10590E-15         2.85719E-15         2.67623E-15         2.55441E-15         2.48462E-15         2.46122E-15         2.47996E-15         2.53803E-15         2.63391E-15         2.76730E-15         2.93894E-15         3.15055E-15         3.40470E-15         3.70478E-15         4.05499E-15         4.46032E-15         4.92664E-15         5.46074E-15         6.07045E-15         6.76471E-15         7.55373E-15         8.44919E-15         9.46437E-15         1.06144E-14         1.19166E-14         1.33907E-14         1.50590E-14         1.69473E-14         1.90845E-14         2.15039E-14         2.42434E-14
         3.71766E-13         3.11573E-13         2.61377E-13         2.19476E-13         1.84464E-13         1.55181E-13         1.30663E-13         1.10112E-13         9.28686E-14         7.83825E-14         6.61987E-14         5.59389E-14         4.72892E-14         3.99884E-14         3.38196E-14         2.86028E-14         2.41879E-14         2.04504E-14         1.72866E-14         1.46100E-14         1.23484E-14         1.04413E-14         8.83784E-15         7.49471E-15         6.37511E-15         5.44741E-15         4.68422E-15         4.06184E-15         3.55971E-15         3.16013E-15         2.84797E-15         2.61045E-15         2.43692E-15         2.31857E-15         2.24832E-15         2.22061E-15         2.23134E-15         2.27777E-15         2.35841E-15         2.47289E-15         2.62181E-15         2.80664E-15         3.02965E-15         3.29384E-15         3.60295E-15         3.96146E-15         4.37464E-15         4.84859E-15         5.39035E-15         6.00798E-15         6.71068E-15         7.50897E-15         8.41482E-15         9.44190E-15         1.06058E-14         1.19242E-14         1.34174E-14         1.51084E-14         1.70235E-14         1.91926E-14
         4.67440E-13         3.90830E-13         3.27033E-13         2.73862E-13         2.29506E-13         1.92471E-13         1.61521E-13         1.35632E-13         1.13956E-13         9.57911E-14         8.05528E-14         6.77575E-14         5.70035E-14         4.79572E-14         4.03414E-14         3.39259E-14         2.85192E-14         2.39621E-14         2.01221E-14         1.68887E-14         1.41696E-14         1.18875E-14         9.97724E-15         8.38377E-15         7.06023E-15         5.96647E-15         5.06796E-15         4.33492E-15         3.74169E-15         3.26625E-15         2.88991E-15         2.59695E-15         2.37433E-15         2.21134E-15         2.09933E-15         2.03142E-15         2.00231E-15         2.00813E-15         2.04628E-15         2.11537E-15         2.21498E-15         2.34560E-15         2.50853E-15         2.70577E-15         2.93999E-15         3.21453E-15         3.53344E-15         3.90143E-15         4.32403E-15         4.80755E-15         5.35929E-15         5.98755E-15         6.70184E-15         7.51297E-15         8.43330E-15         9.47689E-15         1.06598E-14         1.20002E-14         1.35191E-14         1.52400E-14
         5.87862E-13         4.90345E-13         4.09253E-13         3.41773E-13         2.85578E-13         2.38743E-13         1.99680E-13         1.67074E-13         1.39837E-13         1.17068E-13         9.80206E-14         8.20745E-14         6.87159E-14         5.75182E-14         4.81272E-14         4.02486E-14         3.36380E-14         2.80919E-14         2.34412E-14         1.95448E-14         1.62849E-14         1.35628E-14         1.12957E-14         9.41345E-15         7.85684E-15         6.57525E-15         5.52542E-15         4.67028E-15         3.97811E-15         3.42188E-15         2.97876E-15         2.62967E-15         2.35882E-15         2.15333E-15         2.00280E-15         1.89892E-15         1.83520E-15         1.80670E-15         1.80981E-15         1.84216E-15         1.90244E-15         1.99025E-15         2.10602E-15         2.25087E-15         2.42659E-15         2.63558E-15         2.88086E-15         3.16604E-15         3.49540E-15         3.87392E-15         4.30733E-15         4.80221E-15         5.36610E-15         6.00759E-15         6.73650E-15         7.56402E-15         8.50289E-15         9.56763E-15         1.07748E-14         1.21432E-14
         7.39222E-13         6.15077E-13         5.12020E-13         4.26400E-13         3.55225E-13         2.96021E-13         2.46744E-13         2.05704E-13         1.71506E-13         1.42994E-13         1.19209E-13         9.93605E-14         8.27890E-14         6.89494E-14         5.73890E-14         4.77318E-14         3.96658E-14         3.29313E-14         2.73126E-14         2.26297E-14         1.87327E-14         1.54960E-14         1.28145E-14         1.05996E-14         8.77656E-15         7.28204E-15         6.06219E-15         5.07124E-15         4.27031E-15         3.62655E-15         3.11236E-15         2.70481E-15         2.38502E-15         2.13762E-15         1.95024E-15         1.81303E-15         1.71821E-15         1.65975E-15         1.63312E-15         1.63504E-15         1.66335E-15         1.71686E-15         1.79521E-15         1.89877E-15         2.02855E-15         2.18617E-15         2.37378E-15         2.59410E-15         2.85041E-15         3.14660E-15         3.48715E-15         3.87729E-15         4.32299E-15         4.83108E-15         5.40940E-15         6.06686E-15         6.81362E-15         7.66126E-15         8.62298E-15         9.71379E-15
         9.29148E-13         7.71083E-13         6.40147E-13         5.31576E-13         4.41489E-13         3.66707E-13         3.04604E-13         2.53006E-13         2.10121E-13         1.74465E-13         1.44814E-13         1.20150E-13         9.96319E-14         8.25625E-14         6.83632E-14         5.65542E-14         4.67372E-14         3.85815E-14         3.18122E-14         2.62004E-14         2.15559E-14         1.77194E-14         1.45581E-14         1.19606E-14         9.83316E-15         8.09701E-15         6.68559E-15         5.54277E-15         4.62127E-15         3.88144E-15         3.29026E-15         2.82041E-15         2.44952E-15         2.15944E-15         1.93558E-15         1.76634E-15         1.64253E-15         1.55702E-15         1.50431E-15         1.48027E-15         1.48197E-15         1.50748E-15         1.55572E-15         1.62639E-15         1.71981E-15         1.83693E-15         1.97919E-15         2.14855E-15         2.34750E-15         2.57900E-15         2.84658E-15         3.15435E-15         3.50704E-15         3.91012E-15         4.36981E-15         4.89325E-15         5.48857E-15         6.16503E-15         6.93318E-15         7.80505E-15
         1.16686E-12         9.65723E-13         7.99425E-13         6.61856E-13         5.47961E-13         4.53621E-13         3.75460E-13         3.10691E-13         2.57007E-13         2.12507E-13         1.75619E-13         1.45043E-13         1.19701E-13         9.87037E-14         8.13115E-14         6.69129E-14         5.50007E-14         4.51541E-14         3.70240E-14         3.03205E-14         2.48025E-14         2.02694E-14         1.65543E-14         1.35176E-14         1.10428E-14         9.03237E-15         7.40470E-15         6.09141E-15         5.03541E-15         4.18922E-15         3.51355E-15         2.97612E-15         2.55064E-15         2.21584E-15         1.95466E-15         1.75353E-15         1.60173E-15         1.49089E-15         1.41449E-15         1.36759E-15         1.34649E-15         1.34857E-15         1.37211E-15         1.41619E-15         1.48053E-15         1.56547E-15         1.67184E-15         1.80100E-15         1.95472E-15         2.13527E-15         2.34537E-15         2.58824E-15         2.86764E-15         3.18790E-15         3.55401E-15         3.97168E-15         4.44743E-15         4.98870E-15         5.60396E-15         6.30287E-15
         1.46333E-12         1.20775E-12         9.96768E-13         8.22624E-13         6.78830E-13         5.60027E-13         4.61849E-13         3.80714E-13         3.13669E-13         2.58270E-13         2.12504E-13         1.74706E-13         1.43502E-13         1.17754E-13         9.65212E-14         7.90244E-14         6.46193E-14         5.27723E-14         4.30414E-14         3.50606E-14         2.85265E-14         2.31875E-14         1.88348E-14         1.52950E-14         1.24242E-14         1.01025E-14         8.23045E-15         6.72532E-15         5.51864E-15         4.55387E-15         3.78460E-15         3.17291E-15         2.68808E-15         2.30535E-15         2.00492E-15         1.77101E-15         1.59121E-15         1.45576E-15         1.35708E-15         1.28931E-15         1.24802E-15         1.22993E-15         1.23272E-15         1.25488E-15         1.29561E-15         1.35468E-15         1.43243E-15         1.52965E-15         1.64757E-15         1.78783E-15         1.95251E-15         2.14412E-15         2.36561E-15         2.62043E-15         2.91256E-15         3.24660E-15         3.62778E-15         4.06209E-15         4.55636E-15         5.11838E-15
         1.83166E-12         1.50736E-12         1.24024E-12         1.02019E-12         8.38947E-13         6.89656E-13         5.66642E-13         4.65282E-13         3.81788E-13         3.13033E-13         2.56437E-13         2.09874E-13         1.71589E-13         1.40132E-13         1.14307E-13         9.31263E-14         7.57726E-14         6.15721E-14         4.99679E-14         4.05001E-14         3.27889E-14         2.65206E-14         2.14360E-14         1.73212E-14         1.39993E-14         1.13244E-14         9.17584E-15         7.45437E-15         6.07830E-15         4.98071E-15         4.10701E-15         3.41293E-15         2.86273E-15         2.42775E-15         2.08509E-15         1.81658E-15         1.60787E-15         1.44769E-15         1.32724E-15         1.23974E-15         1.17994E-15         1.14391E-15         1.12875E-15         1.13241E-15         1.15357E-15         1.19156E-15         1.24620E-15         1.31783E-15         1.40719E-15         1.51543E-15         1.64407E-15         1.79504E-15         1.97065E-15         2.17362E-15         2.40714E-15         2.67490E-15         2.98111E-15         3.33062E-15         3.72894E-15         4.18237E-15
         2.28737E-12         1.87652E-12         1.53905E-12         1.26174E-12         1.03388E-12         8.46741E-13         6.93058E-13         5.66847E-13         4.63229E-13         3.78206E-13         3.08485E-13         2.51350E-13         2.04566E-13         1.66293E-13         1.35014E-13         1.09479E-13         8.86589E-14         7.17049E-14         5.79195E-14         4.67282E-14         3.76586E-14         3.03222E-14         2.43996E-14         1.96285E-14         1.57934E-14         1.27176E-14         1.02561E-14         8.29027E-15         6.72329E-15         5.47634E-15         4.48555E-15         3.69941E-15         3.07654E-15         2.58385E-15         2.19502E-15         1.88916E-15         1.64980E-15         1.46399E-15         1.32158E-15         1.21473E-15         1.13735E-15         1.08480E-15         1.05359E-15         1.04117E-15         1.04574E-15         1.06617E-15         1.10188E-15         1.15276E-15         1.21914E-15         1.30174E-15         1.40162E-15         1.52022E-15         1.65932E-15         1.82108E-15         2.00801E-15         2.22309E-15         2.46972E-15         2.75181E-15         3.07384E-15         3.44093E-15
         2.84903E-12         2.32910E-12         1.90376E-12         1.55533E-12         1.26986E-12         1.03605E-12         8.44682E-13         6.88107E-13         5.60032E-13         4.55331E-13         3.69807E-13         3.00007E-13         2.43095E-13         1.96738E-13         1.59021E-13         1.28372E-13         1.03498E-13         8.33398E-14         6.70266E-14         5.38461E-14         4.32144E-14         3.46538E-14         2.77736E-14         2.22545E-14         1.78359E-14         1.43051E-14         1.14890E-14         9.24676E-15         7.46414E-15         6.04875E-15         4.92617E-15         4.03664E-15         3.33241E-15         2.77543E-15         2.33548E-15         1.98868E-15         1.71615E-15         1.50306E-15         1.33782E-15         1.21135E-15         1.11666E-15         1.04834E-15         1.00230E-15         9.75439E-16         9.65525E-16         9.70994E-16         9.90865E-16         1.02466E-15         1.07232E-15         1.13418E-15         1.21093E-15         1.30359E-15         1.41350E-15         1.54234E-15         1.69211E-15         1.86517E-15         2.06427E-15         2.29260E-15         2.55379E-15         2.85202E-15
         3.53985E-12         2.88141E-12         2.34638E-12         1.90999E-12         1.55369E-12         1.26282E-12         1.02549E-12         8.32031E-13         6.74420E-13         5.46084E-13         4.41668E-13         3.56801E-13         2.87896E-13         2.32013E-13         1.86746E-13         1.50124E-13         1.20537E-13         9.66672E-14         7.74371E-14         6.19688E-14         4.95461E-14         3.95858E-14         3.16131E-14         2.52424E-14         2.01605E-14         1.61133E-14         1.28952E-14         1.03398E-14         8.31320E-15         6.70742E-15         5.43603E-15         4.42996E-15         3.63421E-15         3.00511E-15         2.50810E-15         2.11586E-15         1.80687E-15         1.56420E-15         1.37458E-15         1.22766E-15         1.11537E-15         1.03148E-15         9.71222E-16         9.30957E-16         9.07978E-16         9.00318E-16         9.06620E-16         9.26046E-16         9.58203E-16         1.00309E-15         1.06105E-15         1.13275E-15         1.21916E-15         1.32156E-15         1.44152E-15         1.58091E-15         1.74197E-15         1.92727E-15         2.13977E-15         2.38288E-15
         4.38540E-12         3.55356E-12         2.88081E-12         2.33582E-12         1.89289E-12         1.53266E-12         1.23980E-12         1.00189E-12         8.08824E-13         6.52283E-13         5.25446E-13         4.22775E-13         3.39763E-13         2.72725E-13         2.18652E-13         1.75095E-13         1.40053E-13         1.11903E-13         8.93190E-14         7.12277E-14         5.67566E-14         4.51986E-14         3.59813E-14         2.86417E-14         2.28060E-14         1.81725E-14         1.44983E-14         1.15880E-14         9.28484E-15         7.46343E-15         6.02363E-15         4.88579E-15         3.98671E-15         3.27637E-15         2.71525E-15         2.27219E-15         1.92268E-15         1.64743E-15         1.43132E-15         1.26252E-15         1.13182E-15         1.03206E-15         9.57715E-16         9.04562E-16         8.69400E-16         8.49848E-16         8.44185E-16         8.51237E-16         8.70294E-16         9.01045E-16         9.43531E-16         9.98111E-16         1.06544E-15         1.14645E-15         1.24235E-15         1.35464E-15         1.48508E-15         1.63577E-15         1.80914E-15         2.00796E-15
         5.40581E-12         4.36711E-12         3.52399E-12         2.84436E-12         2.29578E-12         1.85174E-12         1.49218E-12         1.20120E-12         9.65925E-13         7.75931E-13         6.22646E-13         4.99080E-13         3.99577E-13         3.19549E-13         2.55263E-13         2.03687E-13         1.62360E-13         1.29291E-13         1.02864E-13         8.17731E-14         6.49638E-14         5.15849E-14         4.09508E-14         3.25094E-14         2.58171E-14         2.05177E-14         1.63257E-14         1.30125E-14         1.03956E-14         8.32961E-15         6.69887E-15         5.41173E-15         4.39569E-15         3.59349E-15         2.96005E-15         2.45983E-15         2.06494E-15         1.75342E-15         1.50809E-15         1.31548E-15         1.16507E-15         1.04867E-15         9.59930E-16         8.93973E-16         8.47061E-16         8.16375E-16         7.99826E-16         7.95913E-16         8.03624E-16         8.22363E-16         8.51894E-16         8.92299E-16         9.43954E-16         1.00750E-15         1.08384E-15         1.17414E-15         1.27980E-15         1.40252E-15         1.54426E-15         1.70733E-15
         6.62019E-12         5.33788E-12         4.29372E-12         3.44965E-12         2.77179E-12         2.22682E-12         1.78766E-12         1.43370E-12         1.14862E-12         9.19255E-13         7.34944E-13         5.86987E-13         4.68319E-13         3.73245E-13         2.97165E-13         2.36358E-13         1.87816E-13         1.49112E-13         1.18291E-13         9.37767E-14         7.43024E-14         5.88506E-14         4.66047E-14         3.69107E-14         2.92449E-14         2.31889E-14         1.84086E-14         1.46377E-14         1.16645E-14         9.32077E-15         7.47326E-15         6.01668E-15         4.86796E-15         3.96169E-15         3.24639E-15         2.68162E-15         2.23562E-15         1.88345E-15         1.60557E-15         1.38667E-15         1.21477E-15         1.08052E-15         9.76678E-16         8.97609E-16         8.38993E-16         7.97536E-16         7.70755E-16         7.56820E-16         7.54424E-16         7.62702E-16         7.81158E-16         8.09624E-16         8.48224E-16         8.97345E-16         9.57624E-16         1.02994E-15         1.11539E-15         1.21535E-15         1.33140E-15         1.46544E-15
         8.07217E-12         6.48051E-12         5.20212E-12         4.16620E-12         3.33251E-12         2.66566E-12         2.13180E-12         1.70355E-12         1.36003E-12         1.08469E-12         8.64234E-13         6.87935E-13         5.47091E-13         4.34669E-13         3.45028E-13         2.73631E-13         2.16828E-13         1.71686E-13         1.35851E-13         1.07435E-13         8.49269E-14         6.71165E-14         5.30379E-14         4.19198E-14         3.31476E-14         2.62316E-14         2.07827E-14         1.64917E-14         1.31134E-14         1.04539E-14         8.36002E-15         6.71090E-15         5.41149E-15         4.38707E-15         3.57894E-15         2.94106E-15         2.43730E-15         2.03933E-15         1.72493E-15         1.47672E-15         1.28108E-15         1.12738E-15         1.00732E-15         9.14467E-16         8.43847E-16         7.91636E-16         7.54926E-16         7.31534E-16         7.19858E-16         7.18768E-16         7.27522E-16         7.45721E-16         7.73256E-16         8.10287E-16         8.57216E-16         9.14673E-16         9.83510E-16         1.06480E-15         1.15983E-15         1.27015E-15
         9.83399E-12         7.83179E-12         6.26032E-12         5.00326E-12         3.98975E-12         3.17782E-12         2.53101E-12         2.01539E-12         1.60365E-12         1.27490E-12         1.01261E-12         8.03570E-13         6.37155E-13         5.04797E-13         3.99612E-13         3.16100E-13         2.49862E-13         1.97377E-13         1.55830E-13         1.22973E-13         9.70131E-14         7.65207E-14         6.03585E-14         4.76216E-14         3.75915E-14         2.96979E-14         2.34887E-14         1.86061E-14         1.47671E-14         1.17485E-14         9.37434E-15         7.50624E-15         6.03549E-15         4.87678E-15         3.96322E-15         3.24238E-15         2.67318E-15         2.22341E-15         1.86785E-15         1.58675E-15         1.36464E-15         1.18943E-15         1.05168E-15         9.44029E-16         8.60780E-16         7.97523E-16         7.50878E-16         7.18282E-16         6.97817E-16         6.88084E-16         6.88105E-16         6.97256E-16         7.15218E-16         7.41937E-16         7.77607E-16         8.22641E-16         8.77664E-16         9.43507E-16         1.02120E-15         1.11201E-15
         1.19615E-11         9.45298E-12         7.49933E-12         5.96948E-12         4.75075E-12         3.77307E-12         2.99335E-12         2.37467E-12         1.88346E-12         1.49290E-12         1.18240E-12         9.35732E-13         7.39961E-13         5.84745E-13         4.61784E-13         3.64444E-13         2.87450E-13         2.26602E-13         1.78555E-13         1.40647E-13         1.10762E-13         8.72205E-14         6.86897E-14         5.41125E-14         4.26523E-14         3.36469E-14         2.65729E-14         2.10172E-14         1.66540E-14         1.32267E-14         1.05336E-14         8.41627E-15         6.75055E-15         5.43909E-15         4.40566E-15         3.59056E-15         2.94708E-15         2.43860E-15         2.03649E-15         1.71831E-15         1.46649E-15         1.26730E-15         1.10999E-15         9.86193E-16         8.89380E-16         8.14494E-16         7.57632E-16         7.15809E-16         6.86764E-16         6.68815E-16         6.60742E-16         6.61705E-16         6.71181E-16         6.88923E-16         7.14929E-16         7.49419E-16         7.92816E-16         8.45741E-16         9.09004E-16         9.83609E-16
         1.44573E-11         1.13889E-11         8.97083E-12         7.09117E-12         5.62260E-12         4.45735E-12         3.52705E-12         2.78824E-12         2.20416E-12         1.74216E-12         1.37624E-12         1.08647E-12         8.57145E-13         6.75807E-13         5.32544E-13         4.19440E-13         3.30200E-13         2.59837E-13         2.04397E-13         1.60747E-13         1.26401E-13         9.93946E-14         7.81713E-14         6.15020E-14         4.84156E-14         3.81455E-14         3.00877E-14         2.37662E-14         1.88063E-14         1.49137E-14         1.18575E-14         9.45648E-15         7.56883E-15         6.08352E-15         4.91370E-15         3.99142E-15         3.26352E-15         2.68841E-15         2.23353E-15         1.87340E-15         1.58809E-15         1.36198E-15         1.18287E-15         1.04123E-15         9.29611E-16         8.42232E-16         7.74608E-16         7.23284E-16         6.85622E-16         6.59631E-16         6.43835E-16         6.37174E-16         6.38930E-16         6.48670E-16         6.66212E-16         6.91594E-16         7.25062E-16         7.67046E-16         8.18161E-16         8.79200E-16
         1.72853E-11         1.36377E-11         1.07108E-11         8.41185E-12         6.62779E-12         5.23682E-12         4.13721E-12         3.26317E-12         2.57169E-12         2.02681E-12         1.59723E-12         1.25815E-12         9.90531E-13         7.79438E-13         6.13042E-13         4.81979E-13         3.78804E-13         2.97623E-13         2.33781E-13         1.83605E-13         1.44190E-13         1.13246E-13         8.89622E-14         6.99144E-14         5.49786E-14         4.32701E-14         3.40929E-14         2.68997E-14         2.12605E-14         1.68383E-14         1.33686E-14         1.06446E-14         8.50420E-15         6.82097E-15         5.49590E-15         4.45166E-15         3.62777E-15         2.97692E-15         2.46215E-15         2.05449E-15         1.73130E-15         1.47485E-15         1.27128E-15         1.10974E-15         9.81770E-16         8.80759E-16         8.01573E-16         7.40238E-16         6.93694E-16         6.59610E-16         6.36234E-16         6.22274E-16         6.16812E-16         6.19235E-16         6.29189E-16         6.46547E-16         6.71387E-16         7.03969E-16         7.44732E-16         7.94285E-16
         2.04634E-11         1.61674E-11         1.27159E-11         9.96082E-12         7.80297E-12         6.13084E-12         4.82947E-12         3.80407E-12         2.99220E-12         2.35203E-12         1.84898E-12         1.45350E-12         1.14223E-12         8.97268E-13         7.04576E-13         5.53084E-13         4.34056E-13         3.40576E-13         2.67189E-13         2.09598E-13         1.64424E-13         1.29004E-13         1.01242E-13         7.94903E-14         6.24515E-14         4.91069E-14         3.86560E-14         3.04707E-14         2.40584E-14         1.90331E-14         1.50926E-14         1.20006E-14         9.57249E-15         7.66389E-15         6.16208E-15         4.97902E-15         4.04590E-15         3.30895E-15         2.72611E-15         2.26450E-15         1.89839E-15         1.60764E-15         1.37650E-15         1.19265E-15         1.04646E-15         9.30395E-16         8.38598E-16         7.66509E-16         7.10602E-16         6.68170E-16         6.37155E-16         6.16013E-16         6.03616E-16         5.99169E-16         6.02152E-16         6.12281E-16         6.29475E-16         6.53841E-16         6.85656E-16         7.25363E-16
         2.42735E-11         1.89957E-11         1.49598E-11         1.17347E-11         9.17224E-12         7.17022E-12         5.62055E-12         4.41620E-12         3.46991E-12         2.72319E-12         2.13604E-12         1.67573E-12         1.31466E-12         1.03118E-12         8.08599E-13         6.33909E-13         4.96863E-13         3.89402E-13         3.05166E-13         2.39152E-13         1.87435E-13         1.46930E-13         1.15215E-13         9.03894E-14         7.09593E-14         5.57535E-14         4.38535E-14         3.45393E-14         2.72469E-14         2.15350E-14         1.70584E-14         1.35475E-14         1.07917E-14         8.62648E-15         6.92344E-15         5.58236E-15         4.52494E-15         3.69002E-15         3.02980E-15         2.50689E-15         2.09207E-15         1.76246E-15         1.50017E-15         1.29119E-15         1.12457E-15         9.91744E-16         8.86029E-16         8.02214E-16         7.36253E-16         6.85019E-16         6.46115E-16         6.17723E-16         5.98487E-16         5.87419E-16         5.83833E-16         5.87290E-16         5.97563E-16         6.14611E-16         6.38564E-16         6.69714E-16
         2.92639E-11         2.23588E-11         1.74606E-11         1.37135E-11         1.07332E-11         8.37507E-12         6.53629E-12         5.11400E-12         4.00981E-12         3.14423E-12         2.46312E-12         1.92880E-12         1.51067E-12         1.18331E-12         9.26777E-13         7.25745E-13         5.68250E-13         4.44904E-13         3.48337E-13         2.72753E-13         2.13601E-13         1.67319E-13         1.31112E-13         1.02792E-13         8.06431E-14         6.33207E-14         4.97722E-14         3.91734E-14         3.08794E-14         2.43860E-14         1.92991E-14         1.53113E-14         1.21824E-14         9.72493E-15         7.79277E-15         6.27178E-15         5.07289E-15         4.12650E-15         3.37826E-15         2.78568E-15         2.31554E-15         1.94185E-15         1.64427E-15         1.40690E-15         1.21728E-15         1.06567E-15         9.44468E-16         8.47720E-16         7.70801E-16         7.10117E-16         6.62895E-16         6.27011E-16         6.00861E-16         5.83249E-16         5.73314E-16         5.70462E-16         5.74322E-16         5.84715E-16         6.01633E-16         6.25227E-16
         3.56035E-11         2.66982E-11         2.04141E-11         1.59155E-11         1.24720E-11         9.74445E-12         7.59363E-12         5.91909E-12         4.62433E-12         3.61985E-12         2.83390E-12         2.21688E-12         1.73372E-12         1.35617E-12         1.06101E-12         8.30070E-13         6.49362E-13         5.07988E-13         3.97414E-13         3.10952E-13         2.43353E-13         1.90506E-13         1.49194E-13         1.16903E-13         9.16629E-14         7.19338E-14         5.65104E-14         4.44502E-14         3.50165E-14         2.76336E-14         2.18522E-14         1.73214E-14         1.37677E-14         1.09776E-14         8.78462E-15         7.05884E-15         5.69892E-15         4.62568E-15         3.77731E-15         3.10551E-15         2.57250E-15         2.14875E-15         1.81116E-15         1.54164E-15         1.32605E-15         1.15331E-15         1.01476E-15         9.03629E-16         8.14631E-16         7.43653E-16         6.87502E-16         6.43718E-16         6.10418E-16         5.86183E-16         5.69960E-16         5.60994E-16         5.58770E-16         5.62975E-16         5.73469E-16         5.90274E-16
         4.28266E-11         3.21267E-11         2.41720E-11         1.85017E-11         1.44067E-11         1.12694E-11         8.79307E-12         6.84586E-12         5.33151E-12         4.16070E-12         3.25274E-12         2.54334E-12         1.98745E-12         1.55279E-12         1.21352E-12         9.48566E-13         7.41504E-13         5.79668E-13         4.53197E-13         3.54378E-13         2.77178E-13         2.16870E-13         1.69758E-13         1.32953E-13         1.04200E-13         8.17347E-14         6.41792E-14         5.04569E-14         3.97266E-14         3.13318E-14         2.47599E-14         1.96113E-14         1.55741E-14         1.24054E-14         9.91553E-15         7.95667E-15         6.41347E-15         5.19589E-15         4.23361E-15         3.47169E-15         2.86721E-15         2.38659E-15         2.00358E-15         1.69763E-15         1.45265E-15         1.25605E-15         1.09800E-15         9.70768E-16         8.68346E-16         7.86028E-16         7.20157E-16         6.67893E-16         6.27053E-16         5.95964E-16         5.73369E-16         5.58338E-16         5.50205E-16         5.48522E-16         5.53024E-16         5.63607E-16
         5.14990E-11         3.82613E-11         2.88096E-11         2.17498E-11         1.66684E-11         1.29679E-11         1.01298E-11         7.89606E-12         6.14366E-12         4.78183E-12         3.72878E-12         2.91225E-12         2.27500E-12         1.77638E-12         1.38692E-12         1.08317E-12         8.46161E-13         6.61099E-13         5.16583E-13         4.03738E-13         3.15631E-13         2.46844E-13         1.93139E-13         1.51205E-13         1.18459E-13         9.28837E-14         7.29046E-14         5.72923E-14         4.50875E-14         3.55416E-14         2.80705E-14         2.22189E-14         1.76316E-14         1.40320E-14         1.12043E-14         8.98020E-15         7.22846E-15         5.84663E-15         4.75474E-15         3.89034E-15         3.20459E-15         2.65934E-15         2.22473E-15         1.87743E-15         1.59914E-15         1.37557E-15         1.19551E-15         1.05019E-15         9.32754E-16         8.37842E-16         7.61269E-16         6.99780E-16         6.50849E-16         6.12530E-16         5.83339E-16         5.62153E-16         5.48149E-16         5.40736E-16         5.39523E-16         5.44284E-16
         6.42200E-11         4.55393E-11         3.40211E-11         2.57106E-11         1.94749E-11         1.49455E-11         1.16208E-11         9.06804E-12         7.06352E-12         5.49385E-12         4.27457E-12         3.33142E-12         2.60008E-12         2.02978E-12         1.58405E-12         1.23619E-12         9.65043E-13         7.53591E-13         5.88593E-13         4.59827E-13         3.59337E-13         2.80917E-13         2.19719E-13         1.71957E-13         1.34673E-13         1.05563E-13         8.28289E-14         6.50683E-14         5.11871E-14         4.03322E-14         3.18384E-14         2.51871E-14         1.99741E-14         1.58844E-14         1.26723E-14         1.01464E-14         8.15739E-15         6.58870E-15         5.34939E-15         4.36840E-15         3.59023E-15         2.97151E-15         2.47829E-15         2.08403E-15         1.76797E-15         1.51383E-15         1.30889E-15         1.14318E-15         1.00888E-15         8.99889E-16         8.11438E-16         7.39797E-16         6.82066E-16         6.35993E-16         5.99841E-16         5.72282E-16         5.52315E-16         5.39200E-16         5.32414E-16         5.31611E-16
         7.64651E-11         5.58670E-11         4.01452E-11         3.01459E-11         2.28615E-11         1.73723E-11         1.33509E-11         1.03776E-11         8.09173E-12         6.30016E-12         4.89926E-12         3.81132E-12         2.96937E-12         2.31640E-12         1.80750E-12         1.41011E-12         1.10016E-12         8.58647E-13         6.70383E-13         5.23546E-13         4.09001E-13         3.19644E-13         2.49933E-13         1.95546E-13         1.53105E-13         1.19979E-13         9.41138E-14         7.39114E-14         5.81247E-14         4.57819E-14         3.61253E-14         2.85647E-14         2.26401E-14         1.79929E-14         1.43437E-14         1.14745E-14         9.21562E-15         7.43440E-15         6.02739E-15         4.91381E-15         4.03055E-15         3.32829E-15         2.76845E-15         2.32087E-15         1.96192E-15         1.67313E-15         1.44002E-15         1.25125E-15         1.09795E-15         9.73157E-16         8.71440E-16         7.88540E-16         7.21133E-16         6.66628E-16         6.23011E-16         5.88726E-16         5.62580E-16         5.43670E-16         5.31331E-16         5.25093E-16
